Date	Time	Port 1_Voltage (V)	Port 1_Current (A)	Port 1_Resistance (Ohms)	Port 2_Voltage (V)	Port 2_Current (A)	Port 2_Resistance (Ohms)	Port 3_Voltage (V)	Port 3_Current (A)	Port 3_Resistance (Ohms)	Port 4_Voltage (V)	Port 4_Current (A)	Port 4_Resistance (Ohms)	TC1 (deg C)	TC2 (deg C)	TC3 (deg C)	TC4 (deg C)	TC5 (deg C)	TC6 (deg C)	TC7 (deg C)	TC8 (deg C)
2/9/2015	10:38:34 AM	0.000000E+0	0.000000E+0	0.000000E+0	0.000000E+0	0.000000E+0	0.000000E+0	0.000000E+0	0.000000E+0	0.000000E+0	0.000000E+0	0.000000E+0	0.000000E+0	0.000000	0.000000	0.000000	0.000000	0.000000	0.000000	0.000000	0.000000
2/9/2015	10:38:35 AM	0.000000E+0	0.000000E+0	0.000000E+0	0.000000E+0	0.000000E+0	0.000000E+0	0.000000E+0	0.000000E+0	0.000000E+0	0.000000E+0	0.000000E+0	0.000000E+0	0.000000	0.000000	0.000000	0.000000	0.000000	0.000000	0.000000	0.000000
2/9/2015	10:38:36 AM	0.000000E+0	0.000000E+0	0.000000E+0	0.000000E+0	0.000000E+0	0.000000E+0	0.000000E+0	0.000000E+0	0.000000E+0	0.000000E+0	0.000000E+0	0.000000E+0	0.000000	0.000000	0.000000	0.000000	0.000000	0.000000	0.000000	0.000000
2/9/2015	10:38:37 AM	0.000000E+0	0.000000E+0	0.000000E+0	0.000000E+0	0.000000E+0	0.000000E+0	0.000000E+0	0.000000E+0	0.000000E+0	0.000000E+0	0.000000E+0	0.000000E+0	0.000000	0.000000	0.000000	0.000000	0.000000	0.000000	0.000000	0.000000
2/9/2015	10:38:38 AM	0.000000E+0	0.000000E+0	0.000000E+0	0.000000E+0	0.000000E+0	0.000000E+0	0.000000E+0	0.000000E+0	0.000000E+0	0.000000E+0	0.000000E+0	0.000000E+0	0.000000	0.000000	0.000000	0.000000	0.000000	0.000000	0.000000	0.000000
2/9/2015	10:38:39 AM	0.000000E+0	0.000000E+0	0.000000E+0	0.000000E+0	0.000000E+0	0.000000E+0	0.000000E+0	0.000000E+0	0.000000E+0	0.000000E+0	0.000000E+0	0.000000E+0	0.000000	0.000000	0.000000	0.000000	0.000000	0.000000	0.000000	0.000000
2/9/2015	10:38:40 AM	0.000000E+0	0.000000E+0	0.000000E+0	0.000000E+0	0.000000E+0	0.000000E+0	0.000000E+0	0.000000E+0	0.000000E+0	0.000000E+0	0.000000E+0	0.000000E+0	0.000000	0.000000	0.000000	0.000000	0.000000	0.000000	0.000000	0.000000
2/9/2015	10:38:41 AM	0.000000E+0	0.000000E+0	0.000000E+0	0.000000E+0	0.000000E+0	0.000000E+0	0.000000E+0	0.000000E+0	0.000000E+0	0.000000E+0	0.000000E+0	0.000000E+0	0.000000	0.000000	0.000000	0.000000	0.000000	0.000000	0.000000	0.000000
2/9/2015	10:38:42 AM	0.000000E+0	0.000000E+0	0.000000E+0	0.000000E+0	0.000000E+0	0.000000E+0	0.000000E+0	0.000000E+0	0.000000E+0	0.000000E+0	0.000000E+0	0.000000E+0	0.000000	0.000000	0.000000	0.000000	0.000000	0.000000	0.000000	0.000000
2/9/2015	10:38:43 AM	0.000000E+0	0.000000E+0	0.000000E+0	0.000000E+0	0.000000E+0	0.000000E+0	0.000000E+0	0.000000E+0	0.000000E+0	0.000000E+0	0.000000E+0	0.000000E+0	0.000000	0.000000	0.000000	0.000000	0.000000	0.000000	0.000000	0.000000
2/9/2015	10:38:44 AM	0.000000E+0	0.000000E+0	0.000000E+0	0.000000E+0	0.000000E+0	0.000000E+0	0.000000E+0	0.000000E+0	0.000000E+0	0.000000E+0	0.000000E+0	0.000000E+0	0.000000	0.000000	0.000000	0.000000	0.000000	0.000000	0.000000	0.000000
2/9/2015	10:38:45 AM	0.000000E+0	0.000000E+0	0.000000E+0	0.000000E+0	0.000000E+0	0.000000E+0	0.000000E+0	0.000000E+0	0.000000E+0	0.000000E+0	0.000000E+0	0.000000E+0	0.000000	0.000000	0.000000	0.000000	0.000000	0.000000	0.000000	0.000000
2/9/2015	10:38:46 AM	0.000000E+0	0.000000E+0	0.000000E+0	0.000000E+0	0.000000E+0	0.000000E+0	0.000000E+0	0.000000E+0	0.000000E+0	0.000000E+0	0.000000E+0	0.000000E+0	0.000000	0.000000	0.000000	0.000000	0.000000	0.000000	0.000000	0.000000
2/9/2015	10:38:47 AM	0.000000E+0	0.000000E+0	0.000000E+0	0.000000E+0	0.000000E+0	0.000000E+0	0.000000E+0	0.000000E+0	0.000000E+0	0.000000E+0	0.000000E+0	0.000000E+0	0.000000	0.000000	0.000000	0.000000	0.000000	0.000000	0.000000	0.000000
2/9/2015	10:38:48 AM	0.000000E+0	0.000000E+0	0.000000E+0	0.000000E+0	0.000000E+0	0.000000E+0	0.000000E+0	0.000000E+0	0.000000E+0	0.000000E+0	0.000000E+0	0.000000E+0	0.000000	0.000000	0.000000	0.000000	0.000000	0.000000	0.000000	0.000000
2/9/2015	10:38:49 AM	0.000000E+0	0.000000E+0	0.000000E+0	0.000000E+0	0.000000E+0	0.000000E+0	0.000000E+0	0.000000E+0	0.000000E+0	0.000000E+0	0.000000E+0	0.000000E+0	0.000000	0.000000	0.000000	0.000000	0.000000	0.000000	0.000000	0.000000
2/9/2015	10:38:50 AM	0.000000E+0	0.000000E+0	0.000000E+0	0.000000E+0	0.000000E+0	0.000000E+0	0.000000E+0	0.000000E+0	0.000000E+0	0.000000E+0	0.000000E+0	0.000000E+0	0.000000	0.000000	0.000000	0.000000	0.000000	0.000000	0.000000	0.000000
2/9/2015	10:38:51 AM	0.000000E+0	0.000000E+0	0.000000E+0	0.000000E+0	0.000000E+0	0.000000E+0	0.000000E+0	0.000000E+0	0.000000E+0	0.000000E+0	0.000000E+0	0.000000E+0	0.000000	0.000000	0.000000	0.000000	0.000000	0.000000	0.000000	0.000000
2/9/2015	10:38:52 AM	0.000000E+0	0.000000E+0	0.000000E+0	0.000000E+0	0.000000E+0	0.000000E+0	0.000000E+0	0.000000E+0	0.000000E+0	0.000000E+0	0.000000E+0	0.000000E+0	0.000000	0.000000	0.000000	0.000000	0.000000	0.000000	0.000000	0.000000
2/9/2015	10:38:53 AM	0.000000E+0	0.000000E+0	0.000000E+0	0.000000E+0	0.000000E+0	0.000000E+0	0.000000E+0	0.000000E+0	0.000000E+0	0.000000E+0	0.000000E+0	0.000000E+0	0.000000	0.000000	0.000000	0.000000	0.000000	0.000000	0.000000	0.000000
2/9/2015	10:38:54 AM	0.000000E+0	0.000000E+0	0.000000E+0	0.000000E+0	0.000000E+0	0.000000E+0	0.000000E+0	0.000000E+0	0.000000E+0	0.000000E+0	0.000000E+0	0.000000E+0	0.000000	0.000000	0.000000	0.000000	0.000000	0.000000	0.000000	0.000000
2/9/2015	10:38:55 AM	0.000000E+0	0.000000E+0	0.000000E+0	0.000000E+0	0.000000E+0	0.000000E+0	0.000000E+0	0.000000E+0	0.000000E+0	0.000000E+0	0.000000E+0	0.000000E+0	0.000000	0.000000	0.000000	0.000000	0.000000	0.000000	0.000000	0.000000
2/9/2015	10:38:56 AM	0.000000E+0	0.000000E+0	0.000000E+0	0.000000E+0	0.000000E+0	0.000000E+0	0.000000E+0	0.000000E+0	0.000000E+0	0.000000E+0	0.000000E+0	0.000000E+0	0.000000	0.000000	0.000000	0.000000	0.000000	0.000000	0.000000	0.000000
2/9/2015	10:38:57 AM	0.000000E+0	0.000000E+0	0.000000E+0	0.000000E+0	0.000000E+0	0.000000E+0	0.000000E+0	0.000000E+0	0.000000E+0	0.000000E+0	0.000000E+0	0.000000E+0	0.000000	0.000000	0.000000	0.000000	0.000000	0.000000	0.000000	0.000000
2/9/2015	10:38:58 AM	0.000000E+0	0.000000E+0	0.000000E+0	0.000000E+0	0.000000E+0	0.000000E+0	0.000000E+0	0.000000E+0	0.000000E+0	0.000000E+0	0.000000E+0	0.000000E+0	0.000000	0.000000	0.000000	0.000000	0.000000	0.000000	0.000000	0.000000
2/9/2015	10:38:59 AM	0.000000E+0	0.000000E+0	0.000000E+0	0.000000E+0	0.000000E+0	0.000000E+0	0.000000E+0	0.000000E+0	0.000000E+0	0.000000E+0	0.000000E+0	0.000000E+0	0.000000	0.000000	0.000000	0.000000	0.000000	0.000000	0.000000	0.000000
2/9/2015	10:39:00 AM	0.000000E+0	0.000000E+0	0.000000E+0	0.000000E+0	0.000000E+0	0.000000E+0	0.000000E+0	0.000000E+0	0.000000E+0	0.000000E+0	0.000000E+0	0.000000E+0	0.000000	0.000000	0.000000	0.000000	0.000000	0.000000	0.000000	0.000000
2/9/2015	10:39:01 AM	0.000000E+0	0.000000E+0	0.000000E+0	0.000000E+0	0.000000E+0	0.000000E+0	0.000000E+0	0.000000E+0	0.000000E+0	0.000000E+0	0.000000E+0	0.000000E+0	0.000000	0.000000	0.000000	0.000000	0.000000	0.000000	0.000000	0.000000
2/9/2015	10:39:02 AM	0.000000E+0	0.000000E+0	0.000000E+0	0.000000E+0	0.000000E+0	0.000000E+0	0.000000E+0	0.000000E+0	0.000000E+0	0.000000E+0	0.000000E+0	0.000000E+0	0.000000	0.000000	0.000000	0.000000	0.000000	0.000000	0.000000	0.000000
2/9/2015	10:39:03 AM	0.000000E+0	0.000000E+0	0.000000E+0	0.000000E+0	0.000000E+0	0.000000E+0	0.000000E+0	0.000000E+0	0.000000E+0	0.000000E+0	0.000000E+0	0.000000E+0	0.000000	0.000000	0.000000	0.000000	0.000000	0.000000	0.000000	0.000000
2/9/2015	10:39:04 AM	0.000000E+0	0.000000E+0	0.000000E+0	0.000000E+0	0.000000E+0	0.000000E+0	0.000000E+0	0.000000E+0	0.000000E+0	0.000000E+0	0.000000E+0	0.000000E+0	0.000000	0.000000	0.000000	0.000000	0.000000	0.000000	0.000000	0.000000
2/9/2015	10:39:05 AM	0.000000E+0	0.000000E+0	0.000000E+0	0.000000E+0	0.000000E+0	0.000000E+0	0.000000E+0	0.000000E+0	0.000000E+0	0.000000E+0	0.000000E+0	0.000000E+0	0.000000	0.000000	0.000000	0.000000	0.000000	0.000000	0.000000	0.000000
2/9/2015	10:39:06 AM	0.000000E+0	0.000000E+0	0.000000E+0	0.000000E+0	0.000000E+0	0.000000E+0	0.000000E+0	0.000000E+0	0.000000E+0	0.000000E+0	0.000000E+0	0.000000E+0	0.000000	0.000000	0.000000	0.000000	0.000000	0.000000	0.000000	0.000000
2/9/2015	10:39:07 AM	0.000000E+0	0.000000E+0	0.000000E+0	0.000000E+0	0.000000E+0	0.000000E+0	0.000000E+0	0.000000E+0	0.000000E+0	0.000000E+0	0.000000E+0	0.000000E+0	0.000000	0.000000	0.000000	0.000000	0.000000	0.000000	0.000000	0.000000
2/9/2015	10:39:08 AM	0.000000E+0	0.000000E+0	0.000000E+0	0.000000E+0	0.000000E+0	0.000000E+0	0.000000E+0	0.000000E+0	0.000000E+0	0.000000E+0	0.000000E+0	0.000000E+0	0.000000	0.000000	0.000000	0.000000	0.000000	0.000000	0.000000	0.000000
2/9/2015	10:39:09 AM	0.000000E+0	0.000000E+0	0.000000E+0	0.000000E+0	0.000000E+0	0.000000E+0	0.000000E+0	0.000000E+0	0.000000E+0	0.000000E+0	0.000000E+0	0.000000E+0	0.000000	0.000000	0.000000	0.000000	0.000000	0.000000	0.000000	0.000000
2/9/2015	10:39:10 AM	0.000000E+0	0.000000E+0	0.000000E+0	0.000000E+0	0.000000E+0	0.000000E+0	0.000000E+0	0.000000E+0	0.000000E+0	0.000000E+0	0.000000E+0	0.000000E+0	0.000000	0.000000	0.000000	0.000000	0.000000	0.000000	0.000000	0.000000
2/9/2015	10:39:11 AM	0.000000E+0	0.000000E+0	0.000000E+0	0.000000E+0	0.000000E+0	0.000000E+0	0.000000E+0	0.000000E+0	0.000000E+0	0.000000E+0	0.000000E+0	0.000000E+0	0.000000	0.000000	0.000000	0.000000	0.000000	0.000000	0.000000	0.000000
2/9/2015	10:39:12 AM	0.000000E+0	0.000000E+0	0.000000E+0	0.000000E+0	0.000000E+0	0.000000E+0	0.000000E+0	0.000000E+0	0.000000E+0	0.000000E+0	0.000000E+0	0.000000E+0	0.000000	0.000000	0.000000	0.000000	0.000000	0.000000	0.000000	0.000000
2/9/2015	10:39:13 AM	0.000000E+0	0.000000E+0	0.000000E+0	0.000000E+0	0.000000E+0	0.000000E+0	0.000000E+0	0.000000E+0	0.000000E+0	0.000000E+0	0.000000E+0	0.000000E+0	0.000000	0.000000	0.000000	0.000000	0.000000	0.000000	0.000000	0.000000
2/9/2015	10:39:14 AM	0.000000E+0	0.000000E+0	0.000000E+0	0.000000E+0	0.000000E+0	0.000000E+0	0.000000E+0	0.000000E+0	0.000000E+0	0.000000E+0	0.000000E+0	0.000000E+0	0.000000	0.000000	0.000000	0.000000	0.000000	0.000000	0.000000	0.000000
2/9/2015	10:39:15 AM	0.000000E+0	0.000000E+0	0.000000E+0	0.000000E+0	0.000000E+0	0.000000E+0	0.000000E+0	0.000000E+0	0.000000E+0	0.000000E+0	0.000000E+0	0.000000E+0	0.000000	0.000000	0.000000	0.000000	0.000000	0.000000	0.000000	0.000000
2/9/2015	10:39:16 AM	0.000000E+0	0.000000E+0	0.000000E+0	0.000000E+0	0.000000E+0	0.000000E+0	0.000000E+0	0.000000E+0	0.000000E+0	0.000000E+0	0.000000E+0	0.000000E+0	0.000000	0.000000	0.000000	0.000000	0.000000	0.000000	0.000000	0.000000
2/9/2015	10:39:17 AM	0.000000E+0	0.000000E+0	0.000000E+0	0.000000E+0	0.000000E+0	0.000000E+0	0.000000E+0	0.000000E+0	0.000000E+0	0.000000E+0	0.000000E+0	0.000000E+0	0.000000	0.000000	0.000000	0.000000	0.000000	0.000000	0.000000	0.000000
2/9/2015	10:39:18 AM	0.000000E+0	0.000000E+0	0.000000E+0	0.000000E+0	0.000000E+0	0.000000E+0	0.000000E+0	0.000000E+0	0.000000E+0	0.000000E+0	0.000000E+0	0.000000E+0	0.000000	0.000000	0.000000	0.000000	0.000000	0.000000	0.000000	0.000000
2/9/2015	10:39:19 AM	0.000000E+0	0.000000E+0	0.000000E+0	0.000000E+0	0.000000E+0	0.000000E+0	0.000000E+0	0.000000E+0	0.000000E+0	0.000000E+0	0.000000E+0	0.000000E+0	0.000000	0.000000	0.000000	0.000000	0.000000	0.000000	0.000000	0.000000
2/9/2015	10:39:20 AM	0.000000E+0	0.000000E+0	0.000000E+0	0.000000E+0	0.000000E+0	0.000000E+0	0.000000E+0	0.000000E+0	0.000000E+0	0.000000E+0	0.000000E+0	0.000000E+0	0.000000	0.000000	0.000000	0.000000	0.000000	0.000000	0.000000	0.000000
2/9/2015	10:39:21 AM	0.000000E+0	0.000000E+0	0.000000E+0	0.000000E+0	0.000000E+0	0.000000E+0	0.000000E+0	0.000000E+0	0.000000E+0	0.000000E+0	0.000000E+0	0.000000E+0	0.000000	0.000000	0.000000	0.000000	0.000000	0.000000	0.000000	0.000000
2/9/2015	10:39:22 AM	0.000000E+0	0.000000E+0	0.000000E+0	0.000000E+0	0.000000E+0	0.000000E+0	0.000000E+0	0.000000E+0	0.000000E+0	0.000000E+0	0.000000E+0	0.000000E+0	0.000000	0.000000	0.000000	0.000000	0.000000	0.000000	0.000000	0.000000
2/9/2015	10:39:23 AM	0.000000E+0	0.000000E+0	0.000000E+0	0.000000E+0	0.000000E+0	0.000000E+0	0.000000E+0	0.000000E+0	0.000000E+0	0.000000E+0	0.000000E+0	0.000000E+0	0.000000	0.000000	0.000000	0.000000	0.000000	0.000000	0.000000	0.000000
2/9/2015	10:39:24 AM	0.000000E+0	0.000000E+0	0.000000E+0	0.000000E+0	0.000000E+0	0.000000E+0	0.000000E+0	0.000000E+0	0.000000E+0	0.000000E+0	0.000000E+0	0.000000E+0	0.000000	0.000000	0.000000	0.000000	0.000000	0.000000	0.000000	0.000000
2/9/2015	10:39:25 AM	0.000000E+0	0.000000E+0	0.000000E+0	0.000000E+0	0.000000E+0	0.000000E+0	0.000000E+0	0.000000E+0	0.000000E+0	0.000000E+0	0.000000E+0	0.000000E+0	0.000000	0.000000	0.000000	0.000000	0.000000	0.000000	0.000000	0.000000
2/9/2015	10:39:26 AM	0.000000E+0	0.000000E+0	0.000000E+0	0.000000E+0	0.000000E+0	0.000000E+0	0.000000E+0	0.000000E+0	0.000000E+0	0.000000E+0	0.000000E+0	0.000000E+0	0.000000	0.000000	0.000000	0.000000	0.000000	0.000000	0.000000	0.000000
2/9/2015	10:39:27 AM	0.000000E+0	0.000000E+0	0.000000E+0	0.000000E+0	0.000000E+0	0.000000E+0	0.000000E+0	0.000000E+0	0.000000E+0	0.000000E+0	0.000000E+0	0.000000E+0	0.000000	0.000000	0.000000	0.000000	0.000000	0.000000	0.000000	0.000000
2/9/2015	10:39:28 AM	0.000000E+0	0.000000E+0	0.000000E+0	0.000000E+0	0.000000E+0	0.000000E+0	0.000000E+0	0.000000E+0	0.000000E+0	0.000000E+0	0.000000E+0	0.000000E+0	0.000000	0.000000	0.000000	0.000000	0.000000	0.000000	0.000000	0.000000
2/9/2015	10:39:29 AM	0.000000E+0	0.000000E+0	0.000000E+0	0.000000E+0	0.000000E+0	0.000000E+0	0.000000E+0	0.000000E+0	0.000000E+0	0.000000E+0	0.000000E+0	0.000000E+0	0.000000	0.000000	0.000000	0.000000	0.000000	0.000000	0.000000	0.000000
2/9/2015	10:39:30 AM	0.000000E+0	0.000000E+0	0.000000E+0	0.000000E+0	0.000000E+0	0.000000E+0	0.000000E+0	0.000000E+0	0.000000E+0	0.000000E+0	0.000000E+0	0.000000E+0	0.000000	0.000000	0.000000	0.000000	0.000000	0.000000	0.000000	0.000000
2/9/2015	10:39:31 AM	0.000000E+0	0.000000E+0	0.000000E+0	0.000000E+0	0.000000E+0	0.000000E+0	0.000000E+0	0.000000E+0	0.000000E+0	0.000000E+0	0.000000E+0	0.000000E+0	0.000000	0.000000	0.000000	0.000000	0.000000	0.000000	0.000000	0.000000
2/9/2015	10:39:32 AM	0.000000E+0	0.000000E+0	0.000000E+0	0.000000E+0	0.000000E+0	0.000000E+0	0.000000E+0	0.000000E+0	0.000000E+0	0.000000E+0	0.000000E+0	0.000000E+0	0.000000	0.000000	0.000000	0.000000	0.000000	0.000000	0.000000	0.000000
2/9/2015	10:39:33 AM	0.000000E+0	0.000000E+0	0.000000E+0	0.000000E+0	0.000000E+0	0.000000E+0	0.000000E+0	0.000000E+0	0.000000E+0	0.000000E+0	0.000000E+0	0.000000E+0	0.000000	0.000000	0.000000	0.000000	0.000000	0.000000	0.000000	0.000000
2/9/2015	10:39:34 AM	0.000000E+0	0.000000E+0	0.000000E+0	0.000000E+0	0.000000E+0	0.000000E+0	0.000000E+0	0.000000E+0	0.000000E+0	0.000000E+0	0.000000E+0	0.000000E+0	0.000000	0.000000	0.000000	0.000000	0.000000	0.000000	0.000000	0.000000
2/9/2015	10:39:35 AM	0.000000E+0	0.000000E+0	0.000000E+0	0.000000E+0	0.000000E+0	0.000000E+0	0.000000E+0	0.000000E+0	0.000000E+0	0.000000E+0	0.000000E+0	0.000000E+0	0.000000	0.000000	0.000000	0.000000	0.000000	0.000000	0.000000	0.000000
2/9/2015	10:39:36 AM	0.000000E+0	0.000000E+0	0.000000E+0	0.000000E+0	0.000000E+0	0.000000E+0	0.000000E+0	0.000000E+0	0.000000E+0	0.000000E+0	0.000000E+0	0.000000E+0	0.000000	0.000000	0.000000	0.000000	0.000000	0.000000	0.000000	0.000000
2/9/2015	10:39:37 AM	0.000000E+0	0.000000E+0	0.000000E+0	0.000000E+0	0.000000E+0	0.000000E+0	0.000000E+0	0.000000E+0	0.000000E+0	0.000000E+0	0.000000E+0	0.000000E+0	0.000000	0.000000	0.000000	0.000000	0.000000	0.000000	0.000000	0.000000
2/9/2015	10:39:38 AM	0.000000E+0	0.000000E+0	0.000000E+0	0.000000E+0	0.000000E+0	0.000000E+0	0.000000E+0	0.000000E+0	0.000000E+0	0.000000E+0	0.000000E+0	0.000000E+0	0.000000	0.000000	0.000000	0.000000	0.000000	0.000000	0.000000	0.000000
2/9/2015	10:39:39 AM	0.000000E+0	0.000000E+0	0.000000E+0	0.000000E+0	0.000000E+0	0.000000E+0	0.000000E+0	0.000000E+0	0.000000E+0	0.000000E+0	0.000000E+0	0.000000E+0	0.000000	0.000000	0.000000	0.000000	0.000000	0.000000	0.000000	0.000000
2/9/2015	10:39:40 AM	0.000000E+0	0.000000E+0	0.000000E+0	0.000000E+0	0.000000E+0	0.000000E+0	0.000000E+0	0.000000E+0	0.000000E+0	0.000000E+0	0.000000E+0	0.000000E+0	0.000000	0.000000	0.000000	0.000000	0.000000	0.000000	0.000000	0.000000
2/9/2015	10:39:41 AM	0.000000E+0	0.000000E+0	0.000000E+0	0.000000E+0	0.000000E+0	0.000000E+0	0.000000E+0	0.000000E+0	0.000000E+0	0.000000E+0	0.000000E+0	0.000000E+0	0.000000	0.000000	0.000000	0.000000	0.000000	0.000000	0.000000	0.000000
2/9/2015	10:39:42 AM	0.000000E+0	0.000000E+0	0.000000E+0	0.000000E+0	0.000000E+0	0.000000E+0	0.000000E+0	0.000000E+0	0.000000E+0	0.000000E+0	0.000000E+0	0.000000E+0	0.000000	0.000000	0.000000	0.000000	0.000000	0.000000	0.000000	0.000000
2/9/2015	10:39:43 AM	0.000000E+0	0.000000E+0	0.000000E+0	0.000000E+0	0.000000E+0	0.000000E+0	0.000000E+0	0.000000E+0	0.000000E+0	0.000000E+0	0.000000E+0	0.000000E+0	0.000000	0.000000	0.000000	0.000000	0.000000	0.000000	0.000000	0.000000
2/9/2015	10:39:44 AM	0.000000E+0	0.000000E+0	0.000000E+0	0.000000E+0	0.000000E+0	0.000000E+0	0.000000E+0	0.000000E+0	0.000000E+0	0.000000E+0	0.000000E+0	0.000000E+0	0.000000	0.000000	0.000000	0.000000	0.000000	0.000000	0.000000	0.000000
2/9/2015	10:39:45 AM	0.000000E+0	0.000000E+0	0.000000E+0	0.000000E+0	0.000000E+0	0.000000E+0	0.000000E+0	0.000000E+0	0.000000E+0	0.000000E+0	0.000000E+0	0.000000E+0	0.000000	0.000000	0.000000	0.000000	0.000000	0.000000	0.000000	0.000000
2/9/2015	10:39:46 AM	0.000000E+0	0.000000E+0	0.000000E+0	0.000000E+0	0.000000E+0	0.000000E+0	0.000000E+0	0.000000E+0	0.000000E+0	0.000000E+0	0.000000E+0	0.000000E+0	0.000000	0.000000	0.000000	0.000000	0.000000	0.000000	0.000000	0.000000
2/9/2015	10:39:47 AM	0.000000E+0	0.000000E+0	0.000000E+0	0.000000E+0	0.000000E+0	0.000000E+0	0.000000E+0	0.000000E+0	0.000000E+0	0.000000E+0	0.000000E+0	0.000000E+0	0.000000	0.000000	0.000000	0.000000	0.000000	0.000000	0.000000	0.000000
2/9/2015	10:39:48 AM	0.000000E+0	0.000000E+0	0.000000E+0	0.000000E+0	0.000000E+0	0.000000E+0	0.000000E+0	0.000000E+0	0.000000E+0	0.000000E+0	0.000000E+0	0.000000E+0	0.000000	0.000000	0.000000	0.000000	0.000000	0.000000	0.000000	0.000000
2/9/2015	10:39:49 AM	0.000000E+0	0.000000E+0	0.000000E+0	0.000000E+0	0.000000E+0	0.000000E+0	0.000000E+0	0.000000E+0	0.000000E+0	0.000000E+0	0.000000E+0	0.000000E+0	0.000000	0.000000	0.000000	0.000000	0.000000	0.000000	0.000000	0.000000
2/9/2015	10:39:50 AM	0.000000E+0	0.000000E+0	0.000000E+0	0.000000E+0	0.000000E+0	0.000000E+0	0.000000E+0	0.000000E+0	0.000000E+0	0.000000E+0	0.000000E+0	0.000000E+0	0.000000	0.000000	0.000000	0.000000	0.000000	0.000000	0.000000	0.000000
2/9/2015	10:39:51 AM	0.000000E+0	0.000000E+0	0.000000E+0	0.000000E+0	0.000000E+0	0.000000E+0	0.000000E+0	0.000000E+0	0.000000E+0	0.000000E+0	0.000000E+0	0.000000E+0	0.000000	0.000000	0.000000	0.000000	0.000000	0.000000	0.000000	0.000000
2/9/2015	10:39:52 AM	0.000000E+0	0.000000E+0	0.000000E+0	0.000000E+0	0.000000E+0	0.000000E+0	0.000000E+0	0.000000E+0	0.000000E+0	0.000000E+0	0.000000E+0	0.000000E+0	0.000000	0.000000	0.000000	0.000000	0.000000	0.000000	0.000000	0.000000
2/9/2015	10:39:53 AM	0.000000E+0	0.000000E+0	0.000000E+0	0.000000E+0	0.000000E+0	0.000000E+0	0.000000E+0	0.000000E+0	0.000000E+0	0.000000E+0	0.000000E+0	0.000000E+0	0.000000	0.000000	0.000000	0.000000	0.000000	0.000000	0.000000	0.000000
2/9/2015	10:39:54 AM	0.000000E+0	0.000000E+0	0.000000E+0	0.000000E+0	0.000000E+0	0.000000E+0	0.000000E+0	0.000000E+0	0.000000E+0	0.000000E+0	0.000000E+0	0.000000E+0	0.000000	0.000000	0.000000	0.000000	0.000000	0.000000	0.000000	0.000000
2/9/2015	10:39:55 AM	0.000000E+0	0.000000E+0	0.000000E+0	0.000000E+0	0.000000E+0	0.000000E+0	0.000000E+0	0.000000E+0	0.000000E+0	0.000000E+0	0.000000E+0	0.000000E+0	0.000000	0.000000	0.000000	0.000000	0.000000	0.000000	0.000000	0.000000
2/9/2015	10:39:56 AM	0.000000E+0	0.000000E+0	0.000000E+0	0.000000E+0	0.000000E+0	0.000000E+0	0.000000E+0	0.000000E+0	0.000000E+0	0.000000E+0	0.000000E+0	0.000000E+0	0.000000	0.000000	0.000000	0.000000	0.000000	0.000000	0.000000	0.000000
2/9/2015	10:39:57 AM	0.000000E+0	0.000000E+0	0.000000E+0	0.000000E+0	0.000000E+0	0.000000E+0	0.000000E+0	0.000000E+0	0.000000E+0	0.000000E+0	0.000000E+0	0.000000E+0	0.000000	0.000000	0.000000	0.000000	0.000000	0.000000	0.000000	0.000000
2/9/2015	10:39:59 AM	0.000000E+0	0.000000E+0	0.000000E+0	0.000000E+0	0.000000E+0	0.000000E+0	0.000000E+0	0.000000E+0	0.000000E+0	0.000000E+0	0.000000E+0	0.000000E+0	0.000000	0.000000	0.000000	0.000000	0.000000	0.000000	0.000000	0.000000
2/9/2015	10:40:00 AM	0.000000E+0	0.000000E+0	0.000000E+0	0.000000E+0	0.000000E+0	0.000000E+0	0.000000E+0	0.000000E+0	0.000000E+0	0.000000E+0	0.000000E+0	0.000000E+0	0.000000	0.000000	0.000000	0.000000	0.000000	0.000000	0.000000	0.000000
2/9/2015	10:40:01 AM	0.000000E+0	0.000000E+0	0.000000E+0	0.000000E+0	0.000000E+0	0.000000E+0	0.000000E+0	0.000000E+0	0.000000E+0	0.000000E+0	0.000000E+0	0.000000E+0	0.000000	0.000000	0.000000	0.000000	0.000000	0.000000	0.000000	0.000000
2/9/2015	10:40:02 AM	0.000000E+0	0.000000E+0	0.000000E+0	0.000000E+0	0.000000E+0	0.000000E+0	0.000000E+0	0.000000E+0	0.000000E+0	0.000000E+0	0.000000E+0	0.000000E+0	0.000000	0.000000	0.000000	0.000000	0.000000	0.000000	0.000000	0.000000
2/9/2015	10:40:03 AM	0.000000E+0	0.000000E+0	0.000000E+0	0.000000E+0	0.000000E+0	0.000000E+0	0.000000E+0	0.000000E+0	0.000000E+0	0.000000E+0	0.000000E+0	0.000000E+0	0.000000	0.000000	0.000000	0.000000	0.000000	0.000000	0.000000	0.000000
2/9/2015	10:40:04 AM	0.000000E+0	0.000000E+0	0.000000E+0	0.000000E+0	0.000000E+0	0.000000E+0	0.000000E+0	0.000000E+0	0.000000E+0	0.000000E+0	0.000000E+0	0.000000E+0	0.000000	0.000000	0.000000	0.000000	0.000000	0.000000	0.000000	0.000000
2/9/2015	10:40:05 AM	0.000000E+0	0.000000E+0	0.000000E+0	0.000000E+0	0.000000E+0	0.000000E+0	0.000000E+0	0.000000E+0	0.000000E+0	0.000000E+0	0.000000E+0	0.000000E+0	0.000000	0.000000	0.000000	0.000000	0.000000	0.000000	0.000000	0.000000
2/9/2015	10:40:06 AM	0.000000E+0	0.000000E+0	0.000000E+0	0.000000E+0	0.000000E+0	0.000000E+0	0.000000E+0	0.000000E+0	0.000000E+0	0.000000E+0	0.000000E+0	0.000000E+0	0.000000	0.000000	0.000000	0.000000	0.000000	0.000000	0.000000	0.000000
2/9/2015	10:40:07 AM	0.000000E+0	0.000000E+0	0.000000E+0	0.000000E+0	0.000000E+0	0.000000E+0	0.000000E+0	0.000000E+0	0.000000E+0	0.000000E+0	0.000000E+0	0.000000E+0	0.000000	0.000000	0.000000	0.000000	0.000000	0.000000	0.000000	0.000000
2/9/2015	10:40:08 AM	0.000000E+0	0.000000E+0	0.000000E+0	0.000000E+0	0.000000E+0	0.000000E+0	0.000000E+0	0.000000E+0	0.000000E+0	0.000000E+0	0.000000E+0	0.000000E+0	0.000000	0.000000	0.000000	0.000000	0.000000	0.000000	0.000000	0.000000
2/9/2015	10:40:09 AM	0.000000E+0	0.000000E+0	0.000000E+0	0.000000E+0	0.000000E+0	0.000000E+0	0.000000E+0	0.000000E+0	0.000000E+0	0.000000E+0	0.000000E+0	0.000000E+0	0.000000	0.000000	0.000000	0.000000	0.000000	0.000000	0.000000	0.000000
2/9/2015	10:40:10 AM	0.000000E+0	0.000000E+0	0.000000E+0	0.000000E+0	0.000000E+0	0.000000E+0	0.000000E+0	0.000000E+0	0.000000E+0	0.000000E+0	0.000000E+0	0.000000E+0	0.000000	0.000000	0.000000	0.000000	0.000000	0.000000	0.000000	0.000000
2/9/2015	10:40:11 AM	0.000000E+0	0.000000E+0	0.000000E+0	0.000000E+0	0.000000E+0	0.000000E+0	0.000000E+0	0.000000E+0	0.000000E+0	0.000000E+0	0.000000E+0	0.000000E+0	0.000000	0.000000	0.000000	0.000000	0.000000	0.000000	0.000000	0.000000
2/9/2015	10:40:12 AM	0.000000E+0	0.000000E+0	0.000000E+0	0.000000E+0	0.000000E+0	0.000000E+0	0.000000E+0	0.000000E+0	0.000000E+0	0.000000E+0	0.000000E+0	0.000000E+0	0.000000	0.000000	0.000000	0.000000	0.000000	0.000000	0.000000	0.000000
2/9/2015	10:40:13 AM	0.000000E+0	0.000000E+0	0.000000E+0	0.000000E+0	0.000000E+0	0.000000E+0	0.000000E+0	0.000000E+0	0.000000E+0	0.000000E+0	0.000000E+0	0.000000E+0	0.000000	0.000000	0.000000	0.000000	0.000000	0.000000	0.000000	0.000000
2/9/2015	10:40:14 AM	0.000000E+0	0.000000E+0	0.000000E+0	0.000000E+0	0.000000E+0	0.000000E+0	0.000000E+0	0.000000E+0	0.000000E+0	0.000000E+0	0.000000E+0	0.000000E+0	0.000000	0.000000	0.000000	0.000000	0.000000	0.000000	0.000000	0.000000
2/9/2015	10:40:15 AM	0.000000E+0	0.000000E+0	0.000000E+0	0.000000E+0	0.000000E+0	0.000000E+0	0.000000E+0	0.000000E+0	0.000000E+0	0.000000E+0	0.000000E+0	0.000000E+0	0.000000	0.000000	0.000000	0.000000	0.000000	0.000000	0.000000	0.000000
2/9/2015	10:40:16 AM	0.000000E+0	0.000000E+0	0.000000E+0	0.000000E+0	0.000000E+0	0.000000E+0	0.000000E+0	0.000000E+0	0.000000E+0	0.000000E+0	0.000000E+0	0.000000E+0	0.000000	0.000000	0.000000	0.000000	0.000000	0.000000	0.000000	0.000000
2/9/2015	10:40:17 AM	0.000000E+0	0.000000E+0	0.000000E+0	0.000000E+0	0.000000E+0	0.000000E+0	0.000000E+0	0.000000E+0	0.000000E+0	0.000000E+0	0.000000E+0	0.000000E+0	0.000000	0.000000	0.000000	0.000000	0.000000	0.000000	0.000000	0.000000
2/9/2015	10:40:18 AM	0.000000E+0	0.000000E+0	0.000000E+0	0.000000E+0	0.000000E+0	0.000000E+0	0.000000E+0	0.000000E+0	0.000000E+0	0.000000E+0	0.000000E+0	0.000000E+0	0.000000	0.000000	0.000000	0.000000	0.000000	0.000000	0.000000	0.000000
2/9/2015	10:40:19 AM	0.000000E+0	0.000000E+0	0.000000E+0	0.000000E+0	0.000000E+0	0.000000E+0	0.000000E+0	0.000000E+0	0.000000E+0	0.000000E+0	0.000000E+0	0.000000E+0	0.000000	0.000000	0.000000	0.000000	0.000000	0.000000	0.000000	0.000000
2/9/2015	10:40:20 AM	0.000000E+0	0.000000E+0	0.000000E+0	0.000000E+0	0.000000E+0	0.000000E+0	0.000000E+0	0.000000E+0	0.000000E+0	0.000000E+0	0.000000E+0	0.000000E+0	0.000000	0.000000	0.000000	0.000000	0.000000	0.000000	0.000000	0.000000
2/9/2015	10:40:21 AM	0.000000E+0	0.000000E+0	0.000000E+0	0.000000E+0	0.000000E+0	0.000000E+0	0.000000E+0	0.000000E+0	0.000000E+0	0.000000E+0	0.000000E+0	0.000000E+0	0.000000	0.000000	0.000000	0.000000	0.000000	0.000000	0.000000	0.000000
2/9/2015	10:40:22 AM	0.000000E+0	0.000000E+0	0.000000E+0	0.000000E+0	0.000000E+0	0.000000E+0	0.000000E+0	0.000000E+0	0.000000E+0	0.000000E+0	0.000000E+0	0.000000E+0	0.000000	0.000000	0.000000	0.000000	0.000000	0.000000	0.000000	0.000000
2/9/2015	10:40:23 AM	0.000000E+0	0.000000E+0	0.000000E+0	0.000000E+0	0.000000E+0	0.000000E+0	0.000000E+0	0.000000E+0	0.000000E+0	0.000000E+0	0.000000E+0	0.000000E+0	0.000000	0.000000	0.000000	0.000000	0.000000	0.000000	0.000000	0.000000
2/9/2015	10:40:24 AM	0.000000E+0	0.000000E+0	0.000000E+0	0.000000E+0	0.000000E+0	0.000000E+0	0.000000E+0	0.000000E+0	0.000000E+0	0.000000E+0	0.000000E+0	0.000000E+0	0.000000	0.000000	0.000000	0.000000	0.000000	0.000000	0.000000	0.000000
2/9/2015	10:40:25 AM	0.000000E+0	0.000000E+0	0.000000E+0	0.000000E+0	0.000000E+0	0.000000E+0	0.000000E+0	0.000000E+0	0.000000E+0	0.000000E+0	0.000000E+0	0.000000E+0	0.000000	0.000000	0.000000	0.000000	0.000000	0.000000	0.000000	0.000000
2/9/2015	10:40:26 AM	0.000000E+0	0.000000E+0	0.000000E+0	0.000000E+0	0.000000E+0	0.000000E+0	0.000000E+0	0.000000E+0	0.000000E+0	0.000000E+0	0.000000E+0	0.000000E+0	0.000000	0.000000	0.000000	0.000000	0.000000	0.000000	0.000000	0.000000
2/9/2015	10:40:27 AM	0.000000E+0	0.000000E+0	0.000000E+0	0.000000E+0	0.000000E+0	0.000000E+0	0.000000E+0	0.000000E+0	0.000000E+0	0.000000E+0	0.000000E+0	0.000000E+0	0.000000	0.000000	0.000000	0.000000	0.000000	0.000000	0.000000	0.000000
2/9/2015	10:40:28 AM	0.000000E+0	0.000000E+0	0.000000E+0	0.000000E+0	0.000000E+0	0.000000E+0	0.000000E+0	0.000000E+0	0.000000E+0	0.000000E+0	0.000000E+0	0.000000E+0	0.000000	0.000000	0.000000	0.000000	0.000000	0.000000	0.000000	0.000000
2/9/2015	10:40:29 AM	0.000000E+0	0.000000E+0	0.000000E+0	0.000000E+0	0.000000E+0	0.000000E+0	0.000000E+0	0.000000E+0	0.000000E+0	0.000000E+0	0.000000E+0	0.000000E+0	0.000000	0.000000	0.000000	0.000000	0.000000	0.000000	0.000000	0.000000
2/9/2015	10:40:30 AM	0.000000E+0	0.000000E+0	0.000000E+0	0.000000E+0	0.000000E+0	0.000000E+0	0.000000E+0	0.000000E+0	0.000000E+0	0.000000E+0	0.000000E+0	0.000000E+0	0.000000	0.000000	0.000000	0.000000	0.000000	0.000000	0.000000	0.000000
2/9/2015	10:40:31 AM	0.000000E+0	0.000000E+0	0.000000E+0	0.000000E+0	0.000000E+0	0.000000E+0	0.000000E+0	0.000000E+0	0.000000E+0	0.000000E+0	0.000000E+0	0.000000E+0	0.000000	0.000000	0.000000	0.000000	0.000000	0.000000	0.000000	0.000000
2/9/2015	10:40:32 AM	0.000000E+0	0.000000E+0	0.000000E+0	0.000000E+0	0.000000E+0	0.000000E+0	0.000000E+0	0.000000E+0	0.000000E+0	0.000000E+0	0.000000E+0	0.000000E+0	0.000000	0.000000	0.000000	0.000000	0.000000	0.000000	0.000000	0.000000
2/9/2015	10:40:33 AM	0.000000E+0	0.000000E+0	0.000000E+0	0.000000E+0	0.000000E+0	0.000000E+0	0.000000E+0	0.000000E+0	0.000000E+0	0.000000E+0	0.000000E+0	0.000000E+0	0.000000	0.000000	0.000000	0.000000	0.000000	0.000000	0.000000	0.000000
2/9/2015	10:40:34 AM	0.000000E+0	0.000000E+0	0.000000E+0	0.000000E+0	0.000000E+0	0.000000E+0	0.000000E+0	0.000000E+0	0.000000E+0	0.000000E+0	0.000000E+0	0.000000E+0	0.000000	0.000000	0.000000	0.000000	0.000000	0.000000	0.000000	0.000000
2/9/2015	10:40:35 AM	0.000000E+0	0.000000E+0	0.000000E+0	0.000000E+0	0.000000E+0	0.000000E+0	0.000000E+0	0.000000E+0	0.000000E+0	0.000000E+0	0.000000E+0	0.000000E+0	0.000000	0.000000	0.000000	0.000000	0.000000	0.000000	0.000000	0.000000
2/9/2015	10:40:36 AM	0.000000E+0	0.000000E+0	0.000000E+0	0.000000E+0	0.000000E+0	0.000000E+0	0.000000E+0	0.000000E+0	0.000000E+0	0.000000E+0	0.000000E+0	0.000000E+0	0.000000	0.000000	0.000000	0.000000	0.000000	0.000000	0.000000	0.000000
2/9/2015	10:40:37 AM	0.000000E+0	0.000000E+0	0.000000E+0	0.000000E+0	0.000000E+0	0.000000E+0	0.000000E+0	0.000000E+0	0.000000E+0	0.000000E+0	0.000000E+0	0.000000E+0	0.000000	0.000000	0.000000	0.000000	0.000000	0.000000	0.000000	0.000000
2/9/2015	10:40:38 AM	0.000000E+0	0.000000E+0	0.000000E+0	0.000000E+0	0.000000E+0	0.000000E+0	0.000000E+0	0.000000E+0	0.000000E+0	0.000000E+0	0.000000E+0	0.000000E+0	0.000000	0.000000	0.000000	0.000000	0.000000	0.000000	0.000000	0.000000
2/9/2015	10:40:39 AM	0.000000E+0	0.000000E+0	0.000000E+0	0.000000E+0	0.000000E+0	0.000000E+0	0.000000E+0	0.000000E+0	0.000000E+0	0.000000E+0	0.000000E+0	0.000000E+0	0.000000	0.000000	0.000000	0.000000	0.000000	0.000000	0.000000	0.000000
2/9/2015	10:40:40 AM	0.000000E+0	0.000000E+0	0.000000E+0	0.000000E+0	0.000000E+0	0.000000E+0	0.000000E+0	0.000000E+0	0.000000E+0	0.000000E+0	0.000000E+0	0.000000E+0	0.000000	0.000000	0.000000	0.000000	0.000000	0.000000	0.000000	0.000000
2/9/2015	10:40:41 AM	0.000000E+0	0.000000E+0	0.000000E+0	0.000000E+0	0.000000E+0	0.000000E+0	0.000000E+0	0.000000E+0	0.000000E+0	0.000000E+0	0.000000E+0	0.000000E+0	0.000000	0.000000	0.000000	0.000000	0.000000	0.000000	0.000000	0.000000
2/9/2015	10:40:42 AM	0.000000E+0	0.000000E+0	0.000000E+0	0.000000E+0	0.000000E+0	0.000000E+0	0.000000E+0	0.000000E+0	0.000000E+0	0.000000E+0	0.000000E+0	0.000000E+0	0.000000	0.000000	0.000000	0.000000	0.000000	0.000000	0.000000	0.000000
2/9/2015	10:40:43 AM	0.000000E+0	0.000000E+0	0.000000E+0	0.000000E+0	0.000000E+0	0.000000E+0	0.000000E+0	0.000000E+0	0.000000E+0	0.000000E+0	0.000000E+0	0.000000E+0	0.000000	0.000000	0.000000	0.000000	0.000000	0.000000	0.000000	0.000000
2/9/2015	10:40:44 AM	0.000000E+0	0.000000E+0	0.000000E+0	0.000000E+0	0.000000E+0	0.000000E+0	0.000000E+0	0.000000E+0	0.000000E+0	0.000000E+0	0.000000E+0	0.000000E+0	0.000000	0.000000	0.000000	0.000000	0.000000	0.000000	0.000000	0.000000
2/9/2015	10:40:45 AM	0.000000E+0	0.000000E+0	0.000000E+0	0.000000E+0	0.000000E+0	0.000000E+0	0.000000E+0	0.000000E+0	0.000000E+0	0.000000E+0	0.000000E+0	0.000000E+0	0.000000	0.000000	0.000000	0.000000	0.000000	0.000000	0.000000	0.000000
2/9/2015	10:40:46 AM	0.000000E+0	0.000000E+0	0.000000E+0	0.000000E+0	0.000000E+0	0.000000E+0	0.000000E+0	0.000000E+0	0.000000E+0	0.000000E+0	0.000000E+0	0.000000E+0	0.000000	0.000000	0.000000	0.000000	0.000000	0.000000	0.000000	0.000000
2/9/2015	10:40:47 AM	0.000000E+0	0.000000E+0	0.000000E+0	0.000000E+0	0.000000E+0	0.000000E+0	0.000000E+0	0.000000E+0	0.000000E+0	0.000000E+0	0.000000E+0	0.000000E+0	0.000000	0.000000	0.000000	0.000000	0.000000	0.000000	0.000000	0.000000
2/9/2015	10:40:48 AM	0.000000E+0	0.000000E+0	0.000000E+0	0.000000E+0	0.000000E+0	0.000000E+0	0.000000E+0	0.000000E+0	0.000000E+0	0.000000E+0	0.000000E+0	0.000000E+0	0.000000	0.000000	0.000000	0.000000	0.000000	0.000000	0.000000	0.000000
2/9/2015	10:40:49 AM	0.000000E+0	0.000000E+0	0.000000E+0	0.000000E+0	0.000000E+0	0.000000E+0	0.000000E+0	0.000000E+0	0.000000E+0	0.000000E+0	0.000000E+0	0.000000E+0	0.000000	0.000000	0.000000	0.000000	0.000000	0.000000	0.000000	0.000000
2/9/2015	10:40:50 AM	0.000000E+0	0.000000E+0	0.000000E+0	0.000000E+0	0.000000E+0	0.000000E+0	0.000000E+0	0.000000E+0	0.000000E+0	0.000000E+0	0.000000E+0	0.000000E+0	0.000000	0.000000	0.000000	0.000000	0.000000	0.000000	0.000000	0.000000
2/9/2015	10:40:51 AM	0.000000E+0	0.000000E+0	0.000000E+0	0.000000E+0	0.000000E+0	0.000000E+0	0.000000E+0	0.000000E+0	0.000000E+0	0.000000E+0	0.000000E+0	0.000000E+0	0.000000	0.000000	0.000000	0.000000	0.000000	0.000000	0.000000	0.000000
2/9/2015	10:40:52 AM	0.000000E+0	0.000000E+0	0.000000E+0	0.000000E+0	0.000000E+0	0.000000E+0	0.000000E+0	0.000000E+0	0.000000E+0	0.000000E+0	0.000000E+0	0.000000E+0	0.000000	0.000000	0.000000	0.000000	0.000000	0.000000	0.000000	0.000000
2/9/2015	10:40:53 AM	0.000000E+0	0.000000E+0	0.000000E+0	0.000000E+0	0.000000E+0	0.000000E+0	0.000000E+0	0.000000E+0	0.000000E+0	0.000000E+0	0.000000E+0	0.000000E+0	0.000000	0.000000	0.000000	0.000000	0.000000	0.000000	0.000000	0.000000
2/9/2015	10:40:54 AM	0.000000E+0	0.000000E+0	0.000000E+0	0.000000E+0	0.000000E+0	0.000000E+0	0.000000E+0	0.000000E+0	0.000000E+0	0.000000E+0	0.000000E+0	0.000000E+0	0.000000	0.000000	0.000000	0.000000	0.000000	0.000000	0.000000	0.000000
2/9/2015	10:40:55 AM	0.000000E+0	0.000000E+0	0.000000E+0	0.000000E+0	0.000000E+0	0.000000E+0	0.000000E+0	0.000000E+0	0.000000E+0	0.000000E+0	0.000000E+0	0.000000E+0	0.000000	0.000000	0.000000	0.000000	0.000000	0.000000	0.000000	0.000000
2/9/2015	10:40:56 AM	0.000000E+0	0.000000E+0	0.000000E+0	0.000000E+0	0.000000E+0	0.000000E+0	0.000000E+0	0.000000E+0	0.000000E+0	0.000000E+0	0.000000E+0	0.000000E+0	0.000000	0.000000	0.000000	0.000000	0.000000	0.000000	0.000000	0.000000
2/9/2015	10:40:57 AM	0.000000E+0	0.000000E+0	0.000000E+0	0.000000E+0	0.000000E+0	0.000000E+0	0.000000E+0	0.000000E+0	0.000000E+0	0.000000E+0	0.000000E+0	0.000000E+0	0.000000	0.000000	0.000000	0.000000	0.000000	0.000000	0.000000	0.000000
2/9/2015	10:40:58 AM	0.000000E+0	0.000000E+0	0.000000E+0	0.000000E+0	0.000000E+0	0.000000E+0	0.000000E+0	0.000000E+0	0.000000E+0	0.000000E+0	0.000000E+0	0.000000E+0	0.000000	0.000000	0.000000	0.000000	0.000000	0.000000	0.000000	0.000000
2/9/2015	10:40:59 AM	0.000000E+0	0.000000E+0	0.000000E+0	0.000000E+0	0.000000E+0	0.000000E+0	0.000000E+0	0.000000E+0	0.000000E+0	0.000000E+0	0.000000E+0	0.000000E+0	0.000000	0.000000	0.000000	0.000000	0.000000	0.000000	0.000000	0.000000
2/9/2015	10:41:00 AM	0.000000E+0	0.000000E+0	0.000000E+0	0.000000E+0	0.000000E+0	0.000000E+0	0.000000E+0	0.000000E+0	0.000000E+0	0.000000E+0	0.000000E+0	0.000000E+0	0.000000	0.000000	0.000000	0.000000	0.000000	0.000000	0.000000	0.000000
2/9/2015	10:41:01 AM	0.000000E+0	0.000000E+0	0.000000E+0	0.000000E+0	0.000000E+0	0.000000E+0	0.000000E+0	0.000000E+0	0.000000E+0	0.000000E+0	0.000000E+0	0.000000E+0	0.000000	0.000000	0.000000	0.000000	0.000000	0.000000	0.000000	0.000000
2/9/2015	10:41:02 AM	0.000000E+0	0.000000E+0	0.000000E+0	0.000000E+0	0.000000E+0	0.000000E+0	0.000000E+0	0.000000E+0	0.000000E+0	0.000000E+0	0.000000E+0	0.000000E+0	0.000000	0.000000	0.000000	0.000000	0.000000	0.000000	0.000000	0.000000
2/9/2015	10:41:03 AM	0.000000E+0	0.000000E+0	0.000000E+0	0.000000E+0	0.000000E+0	0.000000E+0	0.000000E+0	0.000000E+0	0.000000E+0	0.000000E+0	0.000000E+0	0.000000E+0	0.000000	0.000000	0.000000	0.000000	0.000000	0.000000	0.000000	0.000000
2/9/2015	10:41:04 AM	0.000000E+0	0.000000E+0	0.000000E+0	0.000000E+0	0.000000E+0	0.000000E+0	0.000000E+0	0.000000E+0	0.000000E+0	0.000000E+0	0.000000E+0	0.000000E+0	0.000000	0.000000	0.000000	0.000000	0.000000	0.000000	0.000000	0.000000
2/9/2015	10:41:05 AM	0.000000E+0	0.000000E+0	0.000000E+0	0.000000E+0	0.000000E+0	0.000000E+0	0.000000E+0	0.000000E+0	0.000000E+0	0.000000E+0	0.000000E+0	0.000000E+0	0.000000	0.000000	0.000000	0.000000	0.000000	0.000000	0.000000	0.000000
2/9/2015	10:41:06 AM	0.000000E+0	0.000000E+0	0.000000E+0	0.000000E+0	0.000000E+0	0.000000E+0	0.000000E+0	0.000000E+0	0.000000E+0	0.000000E+0	0.000000E+0	0.000000E+0	0.000000	0.000000	0.000000	0.000000	0.000000	0.000000	0.000000	0.000000
2/9/2015	10:41:07 AM	0.000000E+0	0.000000E+0	0.000000E+0	0.000000E+0	0.000000E+0	0.000000E+0	0.000000E+0	0.000000E+0	0.000000E+0	0.000000E+0	0.000000E+0	0.000000E+0	0.000000	0.000000	0.000000	0.000000	0.000000	0.000000	0.000000	0.000000
2/9/2015	10:41:08 AM	0.000000E+0	0.000000E+0	0.000000E+0	0.000000E+0	0.000000E+0	0.000000E+0	0.000000E+0	0.000000E+0	0.000000E+0	0.000000E+0	0.000000E+0	0.000000E+0	0.000000	0.000000	0.000000	0.000000	0.000000	0.000000	0.000000	0.000000
2/9/2015	10:41:09 AM	0.000000E+0	0.000000E+0	0.000000E+0	0.000000E+0	0.000000E+0	0.000000E+0	0.000000E+0	0.000000E+0	0.000000E+0	0.000000E+0	0.000000E+0	0.000000E+0	0.000000	0.000000	0.000000	0.000000	0.000000	0.000000	0.000000	0.000000
2/9/2015	10:41:10 AM	0.000000E+0	0.000000E+0	0.000000E+0	0.000000E+0	0.000000E+0	0.000000E+0	0.000000E+0	0.000000E+0	0.000000E+0	0.000000E+0	0.000000E+0	0.000000E+0	0.000000	0.000000	0.000000	0.000000	0.000000	0.000000	0.000000	0.000000
2/9/2015	10:41:11 AM	0.000000E+0	0.000000E+0	0.000000E+0	0.000000E+0	0.000000E+0	0.000000E+0	0.000000E+0	0.000000E+0	0.000000E+0	0.000000E+0	0.000000E+0	0.000000E+0	0.000000	0.000000	0.000000	0.000000	0.000000	0.000000	0.000000	0.000000
2/9/2015	10:41:12 AM	0.000000E+0	0.000000E+0	0.000000E+0	0.000000E+0	0.000000E+0	0.000000E+0	0.000000E+0	0.000000E+0	0.000000E+0	0.000000E+0	0.000000E+0	0.000000E+0	0.000000	0.000000	0.000000	0.000000	0.000000	0.000000	0.000000	0.000000
2/9/2015	10:41:13 AM	0.000000E+0	0.000000E+0	0.000000E+0	0.000000E+0	0.000000E+0	0.000000E+0	0.000000E+0	0.000000E+0	0.000000E+0	0.000000E+0	0.000000E+0	0.000000E+0	0.000000	0.000000	0.000000	0.000000	0.000000	0.000000	0.000000	0.000000
2/9/2015	10:41:14 AM	0.000000E+0	0.000000E+0	0.000000E+0	0.000000E+0	0.000000E+0	0.000000E+0	0.000000E+0	0.000000E+0	0.000000E+0	0.000000E+0	0.000000E+0	0.000000E+0	0.000000	0.000000	0.000000	0.000000	0.000000	0.000000	0.000000	0.000000
2/9/2015	10:41:15 AM	0.000000E+0	0.000000E+0	0.000000E+0	0.000000E+0	0.000000E+0	0.000000E+0	0.000000E+0	0.000000E+0	0.000000E+0	0.000000E+0	0.000000E+0	0.000000E+0	0.000000	0.000000	0.000000	0.000000	0.000000	0.000000	0.000000	0.000000
2/9/2015	10:41:16 AM	0.000000E+0	0.000000E+0	0.000000E+0	0.000000E+0	0.000000E+0	0.000000E+0	0.000000E+0	0.000000E+0	0.000000E+0	0.000000E+0	0.000000E+0	0.000000E+0	0.000000	0.000000	0.000000	0.000000	0.000000	0.000000	0.000000	0.000000
2/9/2015	10:41:17 AM	0.000000E+0	0.000000E+0	0.000000E+0	0.000000E+0	0.000000E+0	0.000000E+0	0.000000E+0	0.000000E+0	0.000000E+0	0.000000E+0	0.000000E+0	0.000000E+0	0.000000	0.000000	0.000000	0.000000	0.000000	0.000000	0.000000	0.000000
2/9/2015	10:41:18 AM	0.000000E+0	0.000000E+0	0.000000E+0	0.000000E+0	0.000000E+0	0.000000E+0	0.000000E+0	0.000000E+0	0.000000E+0	0.000000E+0	0.000000E+0	0.000000E+0	0.000000	0.000000	0.000000	0.000000	0.000000	0.000000	0.000000	0.000000
2/9/2015	10:41:19 AM	0.000000E+0	0.000000E+0	0.000000E+0	0.000000E+0	0.000000E+0	0.000000E+0	0.000000E+0	0.000000E+0	0.000000E+0	0.000000E+0	0.000000E+0	0.000000E+0	0.000000	0.000000	0.000000	0.000000	0.000000	0.000000	0.000000	0.000000
2/9/2015	10:41:20 AM	0.000000E+0	0.000000E+0	0.000000E+0	0.000000E+0	0.000000E+0	0.000000E+0	0.000000E+0	0.000000E+0	0.000000E+0	0.000000E+0	0.000000E+0	0.000000E+0	0.000000	0.000000	0.000000	0.000000	0.000000	0.000000	0.000000	0.000000
2/9/2015	10:41:21 AM	0.000000E+0	0.000000E+0	0.000000E+0	0.000000E+0	0.000000E+0	0.000000E+0	0.000000E+0	0.000000E+0	0.000000E+0	0.000000E+0	0.000000E+0	0.000000E+0	0.000000	0.000000	0.000000	0.000000	0.000000	0.000000	0.000000	0.000000
2/9/2015	10:41:22 AM	0.000000E+0	0.000000E+0	0.000000E+0	0.000000E+0	0.000000E+0	0.000000E+0	0.000000E+0	0.000000E+0	0.000000E+0	0.000000E+0	0.000000E+0	0.000000E+0	0.000000	0.000000	0.000000	0.000000	0.000000	0.000000	0.000000	0.000000
2/9/2015	10:41:23 AM	0.000000E+0	0.000000E+0	0.000000E+0	0.000000E+0	0.000000E+0	0.000000E+0	0.000000E+0	0.000000E+0	0.000000E+0	0.000000E+0	0.000000E+0	0.000000E+0	0.000000	0.000000	0.000000	0.000000	0.000000	0.000000	0.000000	0.000000
2/9/2015	10:41:24 AM	0.000000E+0	0.000000E+0	0.000000E+0	0.000000E+0	0.000000E+0	0.000000E+0	0.000000E+0	0.000000E+0	0.000000E+0	0.000000E+0	0.000000E+0	0.000000E+0	0.000000	0.000000	0.000000	0.000000	0.000000	0.000000	0.000000	0.000000
2/9/2015	10:41:25 AM	0.000000E+0	0.000000E+0	0.000000E+0	0.000000E+0	0.000000E+0	0.000000E+0	0.000000E+0	0.000000E+0	0.000000E+0	0.000000E+0	0.000000E+0	0.000000E+0	0.000000	0.000000	0.000000	0.000000	0.000000	0.000000	0.000000	0.000000
2/9/2015	10:41:26 AM	0.000000E+0	0.000000E+0	0.000000E+0	0.000000E+0	0.000000E+0	0.000000E+0	0.000000E+0	0.000000E+0	0.000000E+0	0.000000E+0	0.000000E+0	0.000000E+0	0.000000	0.000000	0.000000	0.000000	0.000000	0.000000	0.000000	0.000000
2/9/2015	10:41:27 AM	0.000000E+0	0.000000E+0	0.000000E+0	0.000000E+0	0.000000E+0	0.000000E+0	0.000000E+0	0.000000E+0	0.000000E+0	0.000000E+0	0.000000E+0	0.000000E+0	0.000000	0.000000	0.000000	0.000000	0.000000	0.000000	0.000000	0.000000
2/9/2015	10:41:28 AM	0.000000E+0	0.000000E+0	0.000000E+0	0.000000E+0	0.000000E+0	0.000000E+0	0.000000E+0	0.000000E+0	0.000000E+0	0.000000E+0	0.000000E+0	0.000000E+0	0.000000	0.000000	0.000000	0.000000	0.000000	0.000000	0.000000	0.000000
2/9/2015	10:41:29 AM	0.000000E+0	0.000000E+0	0.000000E+0	0.000000E+0	0.000000E+0	0.000000E+0	0.000000E+0	0.000000E+0	0.000000E+0	0.000000E+0	0.000000E+0	0.000000E+0	0.000000	0.000000	0.000000	0.000000	0.000000	0.000000	0.000000	0.000000
2/9/2015	10:41:30 AM	0.000000E+0	0.000000E+0	0.000000E+0	0.000000E+0	0.000000E+0	0.000000E+0	0.000000E+0	0.000000E+0	0.000000E+0	0.000000E+0	0.000000E+0	0.000000E+0	0.000000	0.000000	0.000000	0.000000	0.000000	0.000000	0.000000	0.000000
2/9/2015	10:41:31 AM	0.000000E+0	0.000000E+0	0.000000E+0	0.000000E+0	0.000000E+0	0.000000E+0	0.000000E+0	0.000000E+0	0.000000E+0	0.000000E+0	0.000000E+0	0.000000E+0	0.000000	0.000000	0.000000	0.000000	0.000000	0.000000	0.000000	0.000000
2/9/2015	10:41:32 AM	0.000000E+0	0.000000E+0	0.000000E+0	0.000000E+0	0.000000E+0	0.000000E+0	0.000000E+0	0.000000E+0	0.000000E+0	0.000000E+0	0.000000E+0	0.000000E+0	0.000000	0.000000	0.000000	0.000000	0.000000	0.000000	0.000000	0.000000
2/9/2015	10:41:33 AM	0.000000E+0	0.000000E+0	0.000000E+0	0.000000E+0	0.000000E+0	0.000000E+0	0.000000E+0	0.000000E+0	0.000000E+0	0.000000E+0	0.000000E+0	0.000000E+0	0.000000	0.000000	0.000000	0.000000	0.000000	0.000000	0.000000	0.000000
2/9/2015	10:41:34 AM	0.000000E+0	0.000000E+0	0.000000E+0	0.000000E+0	0.000000E+0	0.000000E+0	0.000000E+0	0.000000E+0	0.000000E+0	0.000000E+0	0.000000E+0	0.000000E+0	0.000000	0.000000	0.000000	0.000000	0.000000	0.000000	0.000000	0.000000
2/9/2015	10:41:35 AM	0.000000E+0	0.000000E+0	0.000000E+0	0.000000E+0	0.000000E+0	0.000000E+0	0.000000E+0	0.000000E+0	0.000000E+0	0.000000E+0	0.000000E+0	0.000000E+0	0.000000	0.000000	0.000000	0.000000	0.000000	0.000000	0.000000	0.000000
2/9/2015	10:41:36 AM	0.000000E+0	0.000000E+0	0.000000E+0	0.000000E+0	0.000000E+0	0.000000E+0	0.000000E+0	0.000000E+0	0.000000E+0	0.000000E+0	0.000000E+0	0.000000E+0	0.000000	0.000000	0.000000	0.000000	0.000000	0.000000	0.000000	0.000000
2/9/2015	10:41:37 AM	0.000000E+0	0.000000E+0	0.000000E+0	0.000000E+0	0.000000E+0	0.000000E+0	0.000000E+0	0.000000E+0	0.000000E+0	0.000000E+0	0.000000E+0	0.000000E+0	0.000000	0.000000	0.000000	0.000000	0.000000	0.000000	0.000000	0.000000
2/9/2015	10:41:38 AM	0.000000E+0	0.000000E+0	0.000000E+0	0.000000E+0	0.000000E+0	0.000000E+0	0.000000E+0	0.000000E+0	0.000000E+0	0.000000E+0	0.000000E+0	0.000000E+0	0.000000	0.000000	0.000000	0.000000	0.000000	0.000000	0.000000	0.000000
2/9/2015	10:41:39 AM	0.000000E+0	0.000000E+0	0.000000E+0	0.000000E+0	0.000000E+0	0.000000E+0	0.000000E+0	0.000000E+0	0.000000E+0	0.000000E+0	0.000000E+0	0.000000E+0	0.000000	0.000000	0.000000	0.000000	0.000000	0.000000	0.000000	0.000000
2/9/2015	10:41:40 AM	0.000000E+0	0.000000E+0	0.000000E+0	0.000000E+0	0.000000E+0	0.000000E+0	0.000000E+0	0.000000E+0	0.000000E+0	0.000000E+0	0.000000E+0	0.000000E+0	0.000000	0.000000	0.000000	0.000000	0.000000	0.000000	0.000000	0.000000
2/9/2015	10:41:41 AM	0.000000E+0	0.000000E+0	0.000000E+0	0.000000E+0	0.000000E+0	0.000000E+0	0.000000E+0	0.000000E+0	0.000000E+0	0.000000E+0	0.000000E+0	0.000000E+0	0.000000	0.000000	0.000000	0.000000	0.000000	0.000000	0.000000	0.000000
2/9/2015	10:41:42 AM	0.000000E+0	0.000000E+0	0.000000E+0	0.000000E+0	0.000000E+0	0.000000E+0	0.000000E+0	0.000000E+0	0.000000E+0	0.000000E+0	0.000000E+0	0.000000E+0	0.000000	0.000000	0.000000	0.000000	0.000000	0.000000	0.000000	0.000000
2/9/2015	10:41:43 AM	0.000000E+0	0.000000E+0	0.000000E+0	0.000000E+0	0.000000E+0	0.000000E+0	0.000000E+0	0.000000E+0	0.000000E+0	0.000000E+0	0.000000E+0	0.000000E+0	0.000000	0.000000	0.000000	0.000000	0.000000	0.000000	0.000000	0.000000
2/9/2015	10:41:44 AM	0.000000E+0	0.000000E+0	0.000000E+0	0.000000E+0	0.000000E+0	0.000000E+0	0.000000E+0	0.000000E+0	0.000000E+0	0.000000E+0	0.000000E+0	0.000000E+0	0.000000	0.000000	0.000000	0.000000	0.000000	0.000000	0.000000	0.000000
2/9/2015	10:41:45 AM	0.000000E+0	0.000000E+0	0.000000E+0	0.000000E+0	0.000000E+0	0.000000E+0	0.000000E+0	0.000000E+0	0.000000E+0	0.000000E+0	0.000000E+0	0.000000E+0	0.000000	0.000000	0.000000	0.000000	0.000000	0.000000	0.000000	0.000000
2/9/2015	10:41:46 AM	0.000000E+0	0.000000E+0	0.000000E+0	0.000000E+0	0.000000E+0	0.000000E+0	0.000000E+0	0.000000E+0	0.000000E+0	0.000000E+0	0.000000E+0	0.000000E+0	0.000000	0.000000	0.000000	0.000000	0.000000	0.000000	0.000000	0.000000
2/9/2015	10:41:47 AM	0.000000E+0	0.000000E+0	0.000000E+0	0.000000E+0	0.000000E+0	0.000000E+0	0.000000E+0	0.000000E+0	0.000000E+0	0.000000E+0	0.000000E+0	0.000000E+0	0.000000	0.000000	0.000000	0.000000	0.000000	0.000000	0.000000	0.000000
2/9/2015	10:41:48 AM	0.000000E+0	0.000000E+0	0.000000E+0	0.000000E+0	0.000000E+0	0.000000E+0	0.000000E+0	0.000000E+0	0.000000E+0	0.000000E+0	0.000000E+0	0.000000E+0	0.000000	0.000000	0.000000	0.000000	0.000000	0.000000	0.000000	0.000000
2/9/2015	10:41:49 AM	0.000000E+0	0.000000E+0	0.000000E+0	0.000000E+0	0.000000E+0	0.000000E+0	0.000000E+0	0.000000E+0	0.000000E+0	0.000000E+0	0.000000E+0	0.000000E+0	0.000000	0.000000	0.000000	0.000000	0.000000	0.000000	0.000000	0.000000
2/9/2015	10:41:50 AM	0.000000E+0	0.000000E+0	0.000000E+0	0.000000E+0	0.000000E+0	0.000000E+0	0.000000E+0	0.000000E+0	0.000000E+0	0.000000E+0	0.000000E+0	0.000000E+0	0.000000	0.000000	0.000000	0.000000	0.000000	0.000000	0.000000	0.000000
2/9/2015	10:41:51 AM	0.000000E+0	0.000000E+0	0.000000E+0	0.000000E+0	0.000000E+0	0.000000E+0	0.000000E+0	0.000000E+0	0.000000E+0	0.000000E+0	0.000000E+0	0.000000E+0	0.000000	0.000000	0.000000	0.000000	0.000000	0.000000	0.000000	0.000000
2/9/2015	10:41:52 AM	0.000000E+0	0.000000E+0	0.000000E+0	0.000000E+0	0.000000E+0	0.000000E+0	0.000000E+0	0.000000E+0	0.000000E+0	0.000000E+0	0.000000E+0	0.000000E+0	0.000000	0.000000	0.000000	0.000000	0.000000	0.000000	0.000000	0.000000
2/9/2015	10:41:53 AM	0.000000E+0	0.000000E+0	0.000000E+0	0.000000E+0	0.000000E+0	0.000000E+0	0.000000E+0	0.000000E+0	0.000000E+0	0.000000E+0	0.000000E+0	0.000000E+0	0.000000	0.000000	0.000000	0.000000	0.000000	0.000000	0.000000	0.000000
2/9/2015	10:41:54 AM	0.000000E+0	0.000000E+0	0.000000E+0	0.000000E+0	0.000000E+0	0.000000E+0	0.000000E+0	0.000000E+0	0.000000E+0	0.000000E+0	0.000000E+0	0.000000E+0	0.000000	0.000000	0.000000	0.000000	0.000000	0.000000	0.000000	0.000000
2/9/2015	10:41:55 AM	0.000000E+0	0.000000E+0	0.000000E+0	0.000000E+0	0.000000E+0	0.000000E+0	0.000000E+0	0.000000E+0	0.000000E+0	0.000000E+0	0.000000E+0	0.000000E+0	0.000000	0.000000	0.000000	0.000000	0.000000	0.000000	0.000000	0.000000
2/9/2015	10:41:56 AM	0.000000E+0	0.000000E+0	0.000000E+0	0.000000E+0	0.000000E+0	0.000000E+0	0.000000E+0	0.000000E+0	0.000000E+0	0.000000E+0	0.000000E+0	0.000000E+0	0.000000	0.000000	0.000000	0.000000	0.000000	0.000000	0.000000	0.000000
2/9/2015	10:41:57 AM	0.000000E+0	0.000000E+0	0.000000E+0	0.000000E+0	0.000000E+0	0.000000E+0	0.000000E+0	0.000000E+0	0.000000E+0	0.000000E+0	0.000000E+0	0.000000E+0	0.000000	0.000000	0.000000	0.000000	0.000000	0.000000	0.000000	0.000000
2/9/2015	10:41:58 AM	0.000000E+0	0.000000E+0	0.000000E+0	0.000000E+0	0.000000E+0	0.000000E+0	0.000000E+0	0.000000E+0	0.000000E+0	0.000000E+0	0.000000E+0	0.000000E+0	0.000000	0.000000	0.000000	0.000000	0.000000	0.000000	0.000000	0.000000
2/9/2015	10:41:59 AM	0.000000E+0	0.000000E+0	0.000000E+0	0.000000E+0	0.000000E+0	0.000000E+0	0.000000E+0	0.000000E+0	0.000000E+0	0.000000E+0	0.000000E+0	0.000000E+0	0.000000	0.000000	0.000000	0.000000	0.000000	0.000000	0.000000	0.000000
2/9/2015	10:42:00 AM	0.000000E+0	0.000000E+0	0.000000E+0	0.000000E+0	0.000000E+0	0.000000E+0	0.000000E+0	0.000000E+0	0.000000E+0	0.000000E+0	0.000000E+0	0.000000E+0	0.000000	0.000000	0.000000	0.000000	0.000000	0.000000	0.000000	0.000000
2/9/2015	10:42:01 AM	0.000000E+0	0.000000E+0	0.000000E+0	0.000000E+0	0.000000E+0	0.000000E+0	0.000000E+0	0.000000E+0	0.000000E+0	0.000000E+0	0.000000E+0	0.000000E+0	0.000000	0.000000	0.000000	0.000000	0.000000	0.000000	0.000000	0.000000
2/9/2015	10:42:02 AM	0.000000E+0	0.000000E+0	0.000000E+0	0.000000E+0	0.000000E+0	0.000000E+0	0.000000E+0	0.000000E+0	0.000000E+0	0.000000E+0	0.000000E+0	0.000000E+0	0.000000	0.000000	0.000000	0.000000	0.000000	0.000000	0.000000	0.000000
2/9/2015	10:42:03 AM	0.000000E+0	0.000000E+0	0.000000E+0	0.000000E+0	0.000000E+0	0.000000E+0	0.000000E+0	0.000000E+0	0.000000E+0	0.000000E+0	0.000000E+0	0.000000E+0	0.000000	0.000000	0.000000	0.000000	0.000000	0.000000	0.000000	0.000000
2/9/2015	10:42:04 AM	0.000000E+0	0.000000E+0	0.000000E+0	0.000000E+0	0.000000E+0	0.000000E+0	0.000000E+0	0.000000E+0	0.000000E+0	0.000000E+0	0.000000E+0	0.000000E+0	0.000000	0.000000	0.000000	0.000000	0.000000	0.000000	0.000000	0.000000
2/9/2015	10:42:05 AM	0.000000E+0	0.000000E+0	0.000000E+0	0.000000E+0	0.000000E+0	0.000000E+0	0.000000E+0	0.000000E+0	0.000000E+0	0.000000E+0	0.000000E+0	0.000000E+0	0.000000	0.000000	0.000000	0.000000	0.000000	0.000000	0.000000	0.000000
2/9/2015	10:42:06 AM	0.000000E+0	0.000000E+0	0.000000E+0	0.000000E+0	0.000000E+0	0.000000E+0	0.000000E+0	0.000000E+0	0.000000E+0	0.000000E+0	0.000000E+0	0.000000E+0	0.000000	0.000000	0.000000	0.000000	0.000000	0.000000	0.000000	0.000000
2/9/2015	10:42:07 AM	0.000000E+0	0.000000E+0	0.000000E+0	0.000000E+0	0.000000E+0	0.000000E+0	0.000000E+0	0.000000E+0	0.000000E+0	0.000000E+0	0.000000E+0	0.000000E+0	0.000000	0.000000	0.000000	0.000000	0.000000	0.000000	0.000000	0.000000
2/9/2015	10:42:08 AM	0.000000E+0	0.000000E+0	0.000000E+0	0.000000E+0	0.000000E+0	0.000000E+0	0.000000E+0	0.000000E+0	0.000000E+0	0.000000E+0	0.000000E+0	0.000000E+0	0.000000	0.000000	0.000000	0.000000	0.000000	0.000000	0.000000	0.000000
2/9/2015	10:42:09 AM	0.000000E+0	0.000000E+0	0.000000E+0	0.000000E+0	0.000000E+0	0.000000E+0	0.000000E+0	0.000000E+0	0.000000E+0	0.000000E+0	0.000000E+0	0.000000E+0	0.000000	0.000000	0.000000	0.000000	0.000000	0.000000	0.000000	0.000000
2/9/2015	10:42:10 AM	0.000000E+0	0.000000E+0	0.000000E+0	0.000000E+0	0.000000E+0	0.000000E+0	0.000000E+0	0.000000E+0	0.000000E+0	0.000000E+0	0.000000E+0	0.000000E+0	0.000000	0.000000	0.000000	0.000000	0.000000	0.000000	0.000000	0.000000
2/9/2015	10:42:11 AM	0.000000E+0	0.000000E+0	0.000000E+0	0.000000E+0	0.000000E+0	0.000000E+0	0.000000E+0	0.000000E+0	0.000000E+0	0.000000E+0	0.000000E+0	0.000000E+0	0.000000	0.000000	0.000000	0.000000	0.000000	0.000000	0.000000	0.000000
2/9/2015	10:42:12 AM	0.000000E+0	0.000000E+0	0.000000E+0	0.000000E+0	0.000000E+0	0.000000E+0	0.000000E+0	0.000000E+0	0.000000E+0	0.000000E+0	0.000000E+0	0.000000E+0	0.000000	0.000000	0.000000	0.000000	0.000000	0.000000	0.000000	0.000000
2/9/2015	10:42:13 AM	0.000000E+0	0.000000E+0	0.000000E+0	0.000000E+0	0.000000E+0	0.000000E+0	0.000000E+0	0.000000E+0	0.000000E+0	0.000000E+0	0.000000E+0	0.000000E+0	0.000000	0.000000	0.000000	0.000000	0.000000	0.000000	0.000000	0.000000
2/9/2015	10:42:14 AM	0.000000E+0	0.000000E+0	0.000000E+0	0.000000E+0	0.000000E+0	0.000000E+0	0.000000E+0	0.000000E+0	0.000000E+0	0.000000E+0	0.000000E+0	0.000000E+0	0.000000	0.000000	0.000000	0.000000	0.000000	0.000000	0.000000	0.000000
2/9/2015	10:42:15 AM	0.000000E+0	0.000000E+0	0.000000E+0	0.000000E+0	0.000000E+0	0.000000E+0	0.000000E+0	0.000000E+0	0.000000E+0	0.000000E+0	0.000000E+0	0.000000E+0	0.000000	0.000000	0.000000	0.000000	0.000000	0.000000	0.000000	0.000000
2/9/2015	10:42:16 AM	0.000000E+0	0.000000E+0	0.000000E+0	0.000000E+0	0.000000E+0	0.000000E+0	0.000000E+0	0.000000E+0	0.000000E+0	0.000000E+0	0.000000E+0	0.000000E+0	0.000000	0.000000	0.000000	0.000000	0.000000	0.000000	0.000000	0.000000
2/9/2015	10:42:17 AM	0.000000E+0	0.000000E+0	0.000000E+0	0.000000E+0	0.000000E+0	0.000000E+0	0.000000E+0	0.000000E+0	0.000000E+0	0.000000E+0	0.000000E+0	0.000000E+0	0.000000	0.000000	0.000000	0.000000	0.000000	0.000000	0.000000	0.000000
2/9/2015	10:42:18 AM	0.000000E+0	0.000000E+0	0.000000E+0	0.000000E+0	0.000000E+0	0.000000E+0	0.000000E+0	0.000000E+0	0.000000E+0	0.000000E+0	0.000000E+0	0.000000E+0	0.000000	0.000000	0.000000	0.000000	0.000000	0.000000	0.000000	0.000000
2/9/2015	10:42:19 AM	0.000000E+0	0.000000E+0	0.000000E+0	0.000000E+0	0.000000E+0	0.000000E+0	0.000000E+0	0.000000E+0	0.000000E+0	0.000000E+0	0.000000E+0	0.000000E+0	0.000000	0.000000	0.000000	0.000000	0.000000	0.000000	0.000000	0.000000
2/9/2015	10:42:20 AM	0.000000E+0	0.000000E+0	0.000000E+0	0.000000E+0	0.000000E+0	0.000000E+0	0.000000E+0	0.000000E+0	0.000000E+0	0.000000E+0	0.000000E+0	0.000000E+0	0.000000	0.000000	0.000000	0.000000	0.000000	0.000000	0.000000	0.000000
2/9/2015	10:42:21 AM	0.000000E+0	0.000000E+0	0.000000E+0	0.000000E+0	0.000000E+0	0.000000E+0	0.000000E+0	0.000000E+0	0.000000E+0	0.000000E+0	0.000000E+0	0.000000E+0	0.000000	0.000000	0.000000	0.000000	0.000000	0.000000	0.000000	0.000000
2/9/2015	10:42:22 AM	0.000000E+0	0.000000E+0	0.000000E+0	0.000000E+0	0.000000E+0	0.000000E+0	0.000000E+0	0.000000E+0	0.000000E+0	0.000000E+0	0.000000E+0	0.000000E+0	0.000000	0.000000	0.000000	0.000000	0.000000	0.000000	0.000000	0.000000
2/9/2015	10:42:23 AM	0.000000E+0	0.000000E+0	0.000000E+0	0.000000E+0	0.000000E+0	0.000000E+0	0.000000E+0	0.000000E+0	0.000000E+0	0.000000E+0	0.000000E+0	0.000000E+0	0.000000	0.000000	0.000000	0.000000	0.000000	0.000000	0.000000	0.000000
2/9/2015	10:42:24 AM	0.000000E+0	0.000000E+0	0.000000E+0	0.000000E+0	0.000000E+0	0.000000E+0	0.000000E+0	0.000000E+0	0.000000E+0	0.000000E+0	0.000000E+0	0.000000E+0	0.000000	0.000000	0.000000	0.000000	0.000000	0.000000	0.000000	0.000000
2/9/2015	10:42:25 AM	0.000000E+0	0.000000E+0	0.000000E+0	0.000000E+0	0.000000E+0	0.000000E+0	0.000000E+0	0.000000E+0	0.000000E+0	0.000000E+0	0.000000E+0	0.000000E+0	0.000000	0.000000	0.000000	0.000000	0.000000	0.000000	0.000000	0.000000
2/9/2015	10:42:26 AM	0.000000E+0	0.000000E+0	0.000000E+0	0.000000E+0	0.000000E+0	0.000000E+0	0.000000E+0	0.000000E+0	0.000000E+0	0.000000E+0	0.000000E+0	0.000000E+0	0.000000	0.000000	0.000000	0.000000	0.000000	0.000000	0.000000	0.000000
2/9/2015	10:42:27 AM	0.000000E+0	0.000000E+0	0.000000E+0	0.000000E+0	0.000000E+0	0.000000E+0	0.000000E+0	0.000000E+0	0.000000E+0	0.000000E+0	0.000000E+0	0.000000E+0	0.000000	0.000000	0.000000	0.000000	0.000000	0.000000	0.000000	0.000000
2/9/2015	10:42:28 AM	0.000000E+0	0.000000E+0	0.000000E+0	0.000000E+0	0.000000E+0	0.000000E+0	0.000000E+0	0.000000E+0	0.000000E+0	0.000000E+0	0.000000E+0	0.000000E+0	0.000000	0.000000	0.000000	0.000000	0.000000	0.000000	0.000000	0.000000
2/9/2015	10:42:29 AM	0.000000E+0	0.000000E+0	0.000000E+0	0.000000E+0	0.000000E+0	0.000000E+0	0.000000E+0	0.000000E+0	0.000000E+0	0.000000E+0	0.000000E+0	0.000000E+0	0.000000	0.000000	0.000000	0.000000	0.000000	0.000000	0.000000	0.000000
2/9/2015	10:42:30 AM	0.000000E+0	0.000000E+0	0.000000E+0	0.000000E+0	0.000000E+0	0.000000E+0	0.000000E+0	0.000000E+0	0.000000E+0	0.000000E+0	0.000000E+0	0.000000E+0	0.000000	0.000000	0.000000	0.000000	0.000000	0.000000	0.000000	0.000000
2/9/2015	10:42:31 AM	0.000000E+0	0.000000E+0	0.000000E+0	0.000000E+0	0.000000E+0	0.000000E+0	0.000000E+0	0.000000E+0	0.000000E+0	0.000000E+0	0.000000E+0	0.000000E+0	0.000000	0.000000	0.000000	0.000000	0.000000	0.000000	0.000000	0.000000
2/9/2015	10:42:32 AM	0.000000E+0	0.000000E+0	0.000000E+0	0.000000E+0	0.000000E+0	0.000000E+0	0.000000E+0	0.000000E+0	0.000000E+0	0.000000E+0	0.000000E+0	0.000000E+0	0.000000	0.000000	0.000000	0.000000	0.000000	0.000000	0.000000	0.000000
2/9/2015	10:42:33 AM	0.000000E+0	0.000000E+0	0.000000E+0	0.000000E+0	0.000000E+0	0.000000E+0	0.000000E+0	0.000000E+0	0.000000E+0	0.000000E+0	0.000000E+0	0.000000E+0	0.000000	0.000000	0.000000	0.000000	0.000000	0.000000	0.000000	0.000000
2/9/2015	10:42:34 AM	0.000000E+0	0.000000E+0	0.000000E+0	0.000000E+0	0.000000E+0	0.000000E+0	0.000000E+0	0.000000E+0	0.000000E+0	0.000000E+0	0.000000E+0	0.000000E+0	0.000000	0.000000	0.000000	0.000000	0.000000	0.000000	0.000000	0.000000
2/9/2015	10:42:35 AM	0.000000E+0	0.000000E+0	0.000000E+0	0.000000E+0	0.000000E+0	0.000000E+0	0.000000E+0	0.000000E+0	0.000000E+0	0.000000E+0	0.000000E+0	0.000000E+0	0.000000	0.000000	0.000000	0.000000	0.000000	0.000000	0.000000	0.000000
2/9/2015	10:42:36 AM	0.000000E+0	0.000000E+0	0.000000E+0	0.000000E+0	0.000000E+0	0.000000E+0	0.000000E+0	0.000000E+0	0.000000E+0	0.000000E+0	0.000000E+0	0.000000E+0	0.000000	0.000000	0.000000	0.000000	0.000000	0.000000	0.000000	0.000000
2/9/2015	10:42:37 AM	0.000000E+0	0.000000E+0	0.000000E+0	0.000000E+0	0.000000E+0	0.000000E+0	0.000000E+0	0.000000E+0	0.000000E+0	0.000000E+0	0.000000E+0	0.000000E+0	0.000000	0.000000	0.000000	0.000000	0.000000	0.000000	0.000000	0.000000
2/9/2015	10:42:38 AM	0.000000E+0	0.000000E+0	0.000000E+0	0.000000E+0	0.000000E+0	0.000000E+0	0.000000E+0	0.000000E+0	0.000000E+0	0.000000E+0	0.000000E+0	0.000000E+0	0.000000	0.000000	0.000000	0.000000	0.000000	0.000000	0.000000	0.000000
2/9/2015	10:42:39 AM	0.000000E+0	0.000000E+0	0.000000E+0	0.000000E+0	0.000000E+0	0.000000E+0	0.000000E+0	0.000000E+0	0.000000E+0	0.000000E+0	0.000000E+0	0.000000E+0	0.000000	0.000000	0.000000	0.000000	0.000000	0.000000	0.000000	0.000000
2/9/2015	10:42:40 AM	0.000000E+0	0.000000E+0	0.000000E+0	0.000000E+0	0.000000E+0	0.000000E+0	0.000000E+0	0.000000E+0	0.000000E+0	0.000000E+0	0.000000E+0	0.000000E+0	0.000000	0.000000	0.000000	0.000000	0.000000	0.000000	0.000000	0.000000
2/9/2015	10:42:41 AM	0.000000E+0	0.000000E+0	0.000000E+0	0.000000E+0	0.000000E+0	0.000000E+0	0.000000E+0	0.000000E+0	0.000000E+0	0.000000E+0	0.000000E+0	0.000000E+0	0.000000	0.000000	0.000000	0.000000	0.000000	0.000000	0.000000	0.000000
2/9/2015	10:42:42 AM	0.000000E+0	0.000000E+0	0.000000E+0	0.000000E+0	0.000000E+0	0.000000E+0	0.000000E+0	0.000000E+0	0.000000E+0	0.000000E+0	0.000000E+0	0.000000E+0	0.000000	0.000000	0.000000	0.000000	0.000000	0.000000	0.000000	0.000000
2/9/2015	10:42:43 AM	0.000000E+0	0.000000E+0	0.000000E+0	0.000000E+0	0.000000E+0	0.000000E+0	0.000000E+0	0.000000E+0	0.000000E+0	0.000000E+0	0.000000E+0	0.000000E+0	0.000000	0.000000	0.000000	0.000000	0.000000	0.000000	0.000000	0.000000
2/9/2015	10:42:44 AM	0.000000E+0	0.000000E+0	0.000000E+0	0.000000E+0	0.000000E+0	0.000000E+0	0.000000E+0	0.000000E+0	0.000000E+0	0.000000E+0	0.000000E+0	0.000000E+0	0.000000	0.000000	0.000000	0.000000	0.000000	0.000000	0.000000	0.000000
2/9/2015	10:42:45 AM	0.000000E+0	0.000000E+0	0.000000E+0	0.000000E+0	0.000000E+0	0.000000E+0	0.000000E+0	0.000000E+0	0.000000E+0	0.000000E+0	0.000000E+0	0.000000E+0	0.000000	0.000000	0.000000	0.000000	0.000000	0.000000	0.000000	0.000000
2/9/2015	10:42:46 AM	0.000000E+0	0.000000E+0	0.000000E+0	0.000000E+0	0.000000E+0	0.000000E+0	0.000000E+0	0.000000E+0	0.000000E+0	0.000000E+0	0.000000E+0	0.000000E+0	0.000000	0.000000	0.000000	0.000000	0.000000	0.000000	0.000000	0.000000
2/9/2015	10:42:47 AM	0.000000E+0	0.000000E+0	0.000000E+0	0.000000E+0	0.000000E+0	0.000000E+0	0.000000E+0	0.000000E+0	0.000000E+0	0.000000E+0	0.000000E+0	0.000000E+0	0.000000	0.000000	0.000000	0.000000	0.000000	0.000000	0.000000	0.000000
2/9/2015	10:42:48 AM	0.000000E+0	0.000000E+0	0.000000E+0	0.000000E+0	0.000000E+0	0.000000E+0	0.000000E+0	0.000000E+0	0.000000E+0	0.000000E+0	0.000000E+0	0.000000E+0	0.000000	0.000000	0.000000	0.000000	0.000000	0.000000	0.000000	0.000000
2/9/2015	10:42:49 AM	0.000000E+0	0.000000E+0	0.000000E+0	0.000000E+0	0.000000E+0	0.000000E+0	0.000000E+0	0.000000E+0	0.000000E+0	0.000000E+0	0.000000E+0	0.000000E+0	0.000000	0.000000	0.000000	0.000000	0.000000	0.000000	0.000000	0.000000
2/9/2015	10:42:50 AM	0.000000E+0	0.000000E+0	0.000000E+0	0.000000E+0	0.000000E+0	0.000000E+0	0.000000E+0	0.000000E+0	0.000000E+0	0.000000E+0	0.000000E+0	0.000000E+0	0.000000	0.000000	0.000000	0.000000	0.000000	0.000000	0.000000	0.000000
2/9/2015	10:42:51 AM	0.000000E+0	0.000000E+0	0.000000E+0	0.000000E+0	0.000000E+0	0.000000E+0	0.000000E+0	0.000000E+0	0.000000E+0	0.000000E+0	0.000000E+0	0.000000E+0	0.000000	0.000000	0.000000	0.000000	0.000000	0.000000	0.000000	0.000000
2/9/2015	10:42:52 AM	0.000000E+0	0.000000E+0	0.000000E+0	0.000000E+0	0.000000E+0	0.000000E+0	0.000000E+0	0.000000E+0	0.000000E+0	0.000000E+0	0.000000E+0	0.000000E+0	0.000000	0.000000	0.000000	0.000000	0.000000	0.000000	0.000000	0.000000
2/9/2015	10:42:53 AM	0.000000E+0	0.000000E+0	0.000000E+0	0.000000E+0	0.000000E+0	0.000000E+0	0.000000E+0	0.000000E+0	0.000000E+0	0.000000E+0	0.000000E+0	0.000000E+0	0.000000	0.000000	0.000000	0.000000	0.000000	0.000000	0.000000	0.000000
2/9/2015	10:42:54 AM	0.000000E+0	0.000000E+0	0.000000E+0	0.000000E+0	0.000000E+0	0.000000E+0	0.000000E+0	0.000000E+0	0.000000E+0	0.000000E+0	0.000000E+0	0.000000E+0	0.000000	0.000000	0.000000	0.000000	0.000000	0.000000	0.000000	0.000000
2/9/2015	10:42:55 AM	0.000000E+0	0.000000E+0	0.000000E+0	0.000000E+0	0.000000E+0	0.000000E+0	0.000000E+0	0.000000E+0	0.000000E+0	0.000000E+0	0.000000E+0	0.000000E+0	0.000000	0.000000	0.000000	0.000000	0.000000	0.000000	0.000000	0.000000
2/9/2015	10:42:56 AM	0.000000E+0	0.000000E+0	0.000000E+0	0.000000E+0	0.000000E+0	0.000000E+0	0.000000E+0	0.000000E+0	0.000000E+0	0.000000E+0	0.000000E+0	0.000000E+0	0.000000	0.000000	0.000000	0.000000	0.000000	0.000000	0.000000	0.000000
2/9/2015	10:42:57 AM	0.000000E+0	0.000000E+0	0.000000E+0	0.000000E+0	0.000000E+0	0.000000E+0	0.000000E+0	0.000000E+0	0.000000E+0	0.000000E+0	0.000000E+0	0.000000E+0	0.000000	0.000000	0.000000	0.000000	0.000000	0.000000	0.000000	0.000000
2/9/2015	10:42:58 AM	0.000000E+0	0.000000E+0	0.000000E+0	0.000000E+0	0.000000E+0	0.000000E+0	0.000000E+0	0.000000E+0	0.000000E+0	0.000000E+0	0.000000E+0	0.000000E+0	0.000000	0.000000	0.000000	0.000000	0.000000	0.000000	0.000000	0.000000
2/9/2015	10:42:59 AM	0.000000E+0	0.000000E+0	0.000000E+0	0.000000E+0	0.000000E+0	0.000000E+0	0.000000E+0	0.000000E+0	0.000000E+0	0.000000E+0	0.000000E+0	0.000000E+0	0.000000	0.000000	0.000000	0.000000	0.000000	0.000000	0.000000	0.000000
2/9/2015	10:43:00 AM	0.000000E+0	0.000000E+0	0.000000E+0	0.000000E+0	0.000000E+0	0.000000E+0	0.000000E+0	0.000000E+0	0.000000E+0	0.000000E+0	0.000000E+0	0.000000E+0	0.000000	0.000000	0.000000	0.000000	0.000000	0.000000	0.000000	0.000000
2/9/2015	10:43:01 AM	0.000000E+0	0.000000E+0	0.000000E+0	0.000000E+0	0.000000E+0	0.000000E+0	0.000000E+0	0.000000E+0	0.000000E+0	0.000000E+0	0.000000E+0	0.000000E+0	0.000000	0.000000	0.000000	0.000000	0.000000	0.000000	0.000000	0.000000
2/9/2015	10:43:02 AM	0.000000E+0	0.000000E+0	0.000000E+0	0.000000E+0	0.000000E+0	0.000000E+0	0.000000E+0	0.000000E+0	0.000000E+0	0.000000E+0	0.000000E+0	0.000000E+0	0.000000	0.000000	0.000000	0.000000	0.000000	0.000000	0.000000	0.000000
2/9/2015	10:43:03 AM	0.000000E+0	0.000000E+0	0.000000E+0	0.000000E+0	0.000000E+0	0.000000E+0	0.000000E+0	0.000000E+0	0.000000E+0	0.000000E+0	0.000000E+0	0.000000E+0	0.000000	0.000000	0.000000	0.000000	0.000000	0.000000	0.000000	0.000000
2/9/2015	10:43:04 AM	0.000000E+0	0.000000E+0	0.000000E+0	0.000000E+0	0.000000E+0	0.000000E+0	0.000000E+0	0.000000E+0	0.000000E+0	0.000000E+0	0.000000E+0	0.000000E+0	0.000000	0.000000	0.000000	0.000000	0.000000	0.000000	0.000000	0.000000
