Date	Time	Port 1_Voltage (V)	Port 1_Current (A)	Port 1_Resistance (Ohms)	Port 2_Voltage (V)	Port 2_Current (A)	Port 2_Resistance (Ohms)	Port 3_Voltage (V)	Port 3_Current (A)	Port 3_Resistance (Ohms)	Port 4_Voltage (V)	Port 4_Current (A)	Port 4_Resistance (Ohms)	TC1 (deg C)	TC2 (deg C)	TC3 (deg C)	TC4 (deg C)	TC5 (deg C)	TC6 (deg C)	TC7 (deg C)	TC8 (deg C)
3/31/2015	6:57:58 PM	0.000000E+0	0.000000E+0	0.000000E+0	0.000000E+0	0.000000E+0	0.000000E+0	0.000000E+0	0.000000E+0	0.000000E+0	0.000000E+0	0.000000E+0	0.000000E+0
3/31/2015	6:57:59 PM	0.000000E+0	0.000000E+0	0.000000E+0	0.000000E+0	0.000000E+0	0.000000E+0	0.000000E+0	0.000000E+0	0.000000E+0	0.000000E+0	0.000000E+0	0.000000E+0
3/31/2015	6:58:00 PM	0.000000E+0	0.000000E+0	0.000000E+0	0.000000E+0	0.000000E+0	0.000000E+0	0.000000E+0	0.000000E+0	0.000000E+0	0.000000E+0	0.000000E+0	0.000000E+0
3/31/2015	6:58:01 PM	0.000000E+0	0.000000E+0	0.000000E+0	0.000000E+0	0.000000E+0	0.000000E+0	0.000000E+0	0.000000E+0	0.000000E+0	0.000000E+0	0.000000E+0	0.000000E+0
3/31/2015	6:58:02 PM	0.000000E+0	0.000000E+0	0.000000E+0	0.000000E+0	0.000000E+0	0.000000E+0	0.000000E+0	0.000000E+0	0.000000E+0	0.000000E+0	0.000000E+0	0.000000E+0
3/31/2015	6:58:03 PM	0.000000E+0	0.000000E+0	0.000000E+0	0.000000E+0	0.000000E+0	0.000000E+0	0.000000E+0	0.000000E+0	0.000000E+0	0.000000E+0	0.000000E+0	0.000000E+0
3/31/2015	6:58:04 PM	0.000000E+0	0.000000E+0	0.000000E+0	0.000000E+0	0.000000E+0	0.000000E+0	0.000000E+0	0.000000E+0	0.000000E+0	0.000000E+0	0.000000E+0	0.000000E+0
3/31/2015	6:58:05 PM	0.000000E+0	0.000000E+0	0.000000E+0	0.000000E+0	0.000000E+0	0.000000E+0	0.000000E+0	0.000000E+0	0.000000E+0	0.000000E+0	0.000000E+0	0.000000E+0
3/31/2015	6:58:06 PM	0.000000E+0	0.000000E+0	0.000000E+0	0.000000E+0	0.000000E+0	0.000000E+0	0.000000E+0	0.000000E+0	0.000000E+0	0.000000E+0	0.000000E+0	0.000000E+0
3/31/2015	6:58:07 PM	0.000000E+0	0.000000E+0	0.000000E+0	0.000000E+0	0.000000E+0	0.000000E+0	0.000000E+0	0.000000E+0	0.000000E+0	0.000000E+0	0.000000E+0	0.000000E+0	0.000000	0.000000	0.000000	0.000000	0.000000	0.000000	0.000000	0.000000
3/31/2015	6:58:08 PM	0.000000E+0	0.000000E+0	0.000000E+0	0.000000E+0	0.000000E+0	0.000000E+0	0.000000E+0	0.000000E+0	0.000000E+0	0.000000E+0	0.000000E+0	0.000000E+0	0.000000	0.000000	0.000000	0.000000	0.000000	0.000000	0.000000	0.000000
3/31/2015	6:58:09 PM	0.000000E+0	0.000000E+0	0.000000E+0	0.000000E+0	0.000000E+0	0.000000E+0	0.000000E+0	0.000000E+0	0.000000E+0	0.000000E+0	0.000000E+0	0.000000E+0	0.000000	0.000000	0.000000	0.000000	0.000000	0.000000	0.000000	0.000000
3/31/2015	6:58:10 PM	0.000000E+0	0.000000E+0	0.000000E+0	0.000000E+0	0.000000E+0	0.000000E+0	0.000000E+0	0.000000E+0	0.000000E+0	0.000000E+0	0.000000E+0	0.000000E+0	0.000000	0.000000	0.000000	0.000000	0.000000	0.000000	0.000000	0.000000
3/31/2015	6:58:11 PM	0.000000E+0	0.000000E+0	0.000000E+0	0.000000E+0	0.000000E+0	0.000000E+0	0.000000E+0	0.000000E+0	0.000000E+0	0.000000E+0	0.000000E+0	0.000000E+0	0.000000	0.000000	0.000000	0.000000	0.000000	0.000000	0.000000	0.000000
3/31/2015	6:58:12 PM	0.000000E+0	0.000000E+0	0.000000E+0	0.000000E+0	0.000000E+0	0.000000E+0	0.000000E+0	0.000000E+0	0.000000E+0	0.000000E+0	0.000000E+0	0.000000E+0	0.000000	0.000000	0.000000	0.000000	0.000000	0.000000	0.000000	0.000000
3/31/2015	6:58:13 PM	0.000000E+0	0.000000E+0	0.000000E+0	0.000000E+0	0.000000E+0	0.000000E+0	0.000000E+0	0.000000E+0	0.000000E+0	0.000000E+0	0.000000E+0	0.000000E+0	0.000000	0.000000	0.000000	0.000000	0.000000	0.000000	0.000000	0.000000
3/31/2015	6:58:14 PM	0.000000E+0	0.000000E+0	0.000000E+0	0.000000E+0	0.000000E+0	0.000000E+0	0.000000E+0	0.000000E+0	0.000000E+0	0.000000E+0	0.000000E+0	0.000000E+0	0.000000	0.000000	0.000000	0.000000	0.000000	0.000000	0.000000	0.000000
3/31/2015	6:58:15 PM	0.000000E+0	0.000000E+0	0.000000E+0	0.000000E+0	0.000000E+0	0.000000E+0	0.000000E+0	0.000000E+0	0.000000E+0	0.000000E+0	0.000000E+0	0.000000E+0	0.000000	0.000000	0.000000	0.000000	0.000000	0.000000	0.000000	0.000000
3/31/2015	6:58:16 PM	0.000000E+0	0.000000E+0	0.000000E+0	0.000000E+0	0.000000E+0	0.000000E+0	0.000000E+0	0.000000E+0	0.000000E+0	0.000000E+0	0.000000E+0	0.000000E+0	0.000000	0.000000	0.000000	0.000000	0.000000	0.000000	0.000000	0.000000
3/31/2015	6:58:17 PM	0.000000E+0	0.000000E+0	0.000000E+0	0.000000E+0	0.000000E+0	0.000000E+0	0.000000E+0	0.000000E+0	0.000000E+0	0.000000E+0	0.000000E+0	0.000000E+0	0.000000	0.000000	0.000000	0.000000	0.000000	0.000000	0.000000	0.000000
3/31/2015	6:58:18 PM	0.000000E+0	0.000000E+0	0.000000E+0	0.000000E+0	0.000000E+0	0.000000E+0	0.000000E+0	0.000000E+0	0.000000E+0	0.000000E+0	0.000000E+0	0.000000E+0	0.000000	0.000000	0.000000	0.000000	0.000000	0.000000	0.000000	0.000000
3/31/2015	6:58:19 PM	0.000000E+0	0.000000E+0	0.000000E+0	0.000000E+0	0.000000E+0	0.000000E+0	0.000000E+0	0.000000E+0	0.000000E+0	0.000000E+0	0.000000E+0	0.000000E+0	0.000000	0.000000	0.000000	0.000000	0.000000	0.000000	0.000000	0.000000
3/31/2015	6:58:20 PM	0.000000E+0	0.000000E+0	0.000000E+0	0.000000E+0	0.000000E+0	0.000000E+0	0.000000E+0	0.000000E+0	0.000000E+0	0.000000E+0	0.000000E+0	0.000000E+0	0.000000	0.000000	0.000000	0.000000	0.000000	0.000000	0.000000	0.000000
3/31/2015	6:58:21 PM	0.000000E+0	0.000000E+0	0.000000E+0	0.000000E+0	0.000000E+0	0.000000E+0	0.000000E+0	0.000000E+0	0.000000E+0	0.000000E+0	0.000000E+0	0.000000E+0	0.000000	0.000000	0.000000	0.000000	0.000000	0.000000	0.000000	0.000000
3/31/2015	6:58:22 PM	0.000000E+0	0.000000E+0	0.000000E+0	0.000000E+0	0.000000E+0	0.000000E+0	0.000000E+0	0.000000E+0	0.000000E+0	0.000000E+0	0.000000E+0	0.000000E+0	0.000000	0.000000	0.000000	0.000000	0.000000	0.000000	0.000000	0.000000
3/31/2015	6:58:23 PM	0.000000E+0	0.000000E+0	0.000000E+0	0.000000E+0	0.000000E+0	0.000000E+0	0.000000E+0	0.000000E+0	0.000000E+0	0.000000E+0	0.000000E+0	0.000000E+0	0.000000	0.000000	0.000000	0.000000	0.000000	0.000000	0.000000	0.000000
3/31/2015	6:58:24 PM	0.000000E+0	0.000000E+0	0.000000E+0	0.000000E+0	0.000000E+0	0.000000E+0	0.000000E+0	0.000000E+0	0.000000E+0	0.000000E+0	0.000000E+0	0.000000E+0	0.000000	0.000000	0.000000	0.000000	0.000000	0.000000	0.000000	0.000000
3/31/2015	6:58:25 PM	0.000000E+0	0.000000E+0	0.000000E+0	0.000000E+0	0.000000E+0	0.000000E+0	0.000000E+0	0.000000E+0	0.000000E+0	0.000000E+0	0.000000E+0	0.000000E+0	0.000000	0.000000	0.000000	0.000000	0.000000	0.000000	0.000000	0.000000
3/31/2015	6:58:26 PM	0.000000E+0	0.000000E+0	0.000000E+0	0.000000E+0	0.000000E+0	0.000000E+0	0.000000E+0	0.000000E+0	0.000000E+0	0.000000E+0	0.000000E+0	0.000000E+0	0.000000	0.000000	0.000000	0.000000	0.000000	0.000000	0.000000	0.000000
3/31/2015	6:58:27 PM	0.000000E+0	0.000000E+0	0.000000E+0	0.000000E+0	0.000000E+0	0.000000E+0	0.000000E+0	0.000000E+0	0.000000E+0	0.000000E+0	0.000000E+0	0.000000E+0	0.000000	0.000000	0.000000	0.000000	0.000000	0.000000	0.000000	0.000000
3/31/2015	6:58:28 PM	0.000000E+0	0.000000E+0	0.000000E+0	0.000000E+0	0.000000E+0	0.000000E+0	0.000000E+0	0.000000E+0	0.000000E+0	0.000000E+0	0.000000E+0	0.000000E+0	0.000000	0.000000	0.000000	0.000000	0.000000	0.000000	0.000000	0.000000
3/31/2015	6:58:29 PM	0.000000E+0	0.000000E+0	0.000000E+0	0.000000E+0	0.000000E+0	0.000000E+0	0.000000E+0	0.000000E+0	0.000000E+0	0.000000E+0	0.000000E+0	0.000000E+0	0.000000	0.000000	0.000000	0.000000	0.000000	0.000000	0.000000	0.000000
3/31/2015	6:58:30 PM	0.000000E+0	0.000000E+0	0.000000E+0	0.000000E+0	0.000000E+0	0.000000E+0	0.000000E+0	0.000000E+0	0.000000E+0	0.000000E+0	0.000000E+0	0.000000E+0	0.000000	0.000000	0.000000	0.000000	0.000000	0.000000	0.000000	0.000000
3/31/2015	6:58:31 PM	0.000000E+0	0.000000E+0	0.000000E+0	0.000000E+0	0.000000E+0	0.000000E+0	0.000000E+0	0.000000E+0	0.000000E+0	0.000000E+0	0.000000E+0	0.000000E+0	0.000000	0.000000	0.000000	0.000000	0.000000	0.000000	0.000000	0.000000
3/31/2015	6:58:32 PM	0.000000E+0	0.000000E+0	0.000000E+0	0.000000E+0	0.000000E+0	0.000000E+0	0.000000E+0	0.000000E+0	0.000000E+0	0.000000E+0	0.000000E+0	0.000000E+0	0.000000	0.000000	0.000000	0.000000	0.000000	0.000000	0.000000	0.000000
3/31/2015	6:58:33 PM	0.000000E+0	0.000000E+0	0.000000E+0	0.000000E+0	0.000000E+0	0.000000E+0	0.000000E+0	0.000000E+0	0.000000E+0	0.000000E+0	0.000000E+0	0.000000E+0	0.000000	0.000000	0.000000	0.000000	0.000000	0.000000	0.000000	0.000000
3/31/2015	6:58:34 PM	0.000000E+0	0.000000E+0	0.000000E+0	0.000000E+0	0.000000E+0	0.000000E+0	0.000000E+0	0.000000E+0	0.000000E+0	0.000000E+0	0.000000E+0	0.000000E+0	0.000000	0.000000	0.000000	0.000000	0.000000	0.000000	0.000000	0.000000
3/31/2015	6:58:35 PM	0.000000E+0	0.000000E+0	0.000000E+0	0.000000E+0	0.000000E+0	0.000000E+0	0.000000E+0	0.000000E+0	0.000000E+0	0.000000E+0	0.000000E+0	0.000000E+0	0.000000	0.000000	0.000000	0.000000	0.000000	0.000000	0.000000	0.000000
3/31/2015	6:58:36 PM	0.000000E+0	0.000000E+0	0.000000E+0	0.000000E+0	0.000000E+0	0.000000E+0	0.000000E+0	0.000000E+0	0.000000E+0	0.000000E+0	0.000000E+0	0.000000E+0	0.000000	0.000000	0.000000	0.000000	0.000000	0.000000	0.000000	0.000000
3/31/2015	6:58:37 PM	0.000000E+0	0.000000E+0	0.000000E+0	0.000000E+0	0.000000E+0	0.000000E+0	0.000000E+0	0.000000E+0	0.000000E+0	0.000000E+0	0.000000E+0	0.000000E+0	0.000000	0.000000	0.000000	0.000000	0.000000	0.000000	0.000000	0.000000
3/31/2015	6:58:38 PM	0.000000E+0	0.000000E+0	0.000000E+0	0.000000E+0	0.000000E+0	0.000000E+0	0.000000E+0	0.000000E+0	0.000000E+0	0.000000E+0	0.000000E+0	0.000000E+0	0.000000	0.000000	0.000000	0.000000	0.000000	0.000000	0.000000	0.000000
3/31/2015	6:58:39 PM	0.000000E+0	0.000000E+0	0.000000E+0	0.000000E+0	0.000000E+0	0.000000E+0	0.000000E+0	0.000000E+0	0.000000E+0	0.000000E+0	0.000000E+0	0.000000E+0	0.000000	0.000000	0.000000	0.000000	0.000000	0.000000	0.000000	0.000000
3/31/2015	6:58:40 PM	0.000000E+0	0.000000E+0	0.000000E+0	0.000000E+0	0.000000E+0	0.000000E+0	0.000000E+0	0.000000E+0	0.000000E+0	0.000000E+0	0.000000E+0	0.000000E+0	0.000000	0.000000	0.000000	0.000000	0.000000	0.000000	0.000000	0.000000
3/31/2015	6:58:41 PM	0.000000E+0	0.000000E+0	0.000000E+0	0.000000E+0	0.000000E+0	0.000000E+0	0.000000E+0	0.000000E+0	0.000000E+0	0.000000E+0	0.000000E+0	0.000000E+0	0.000000	0.000000	0.000000	0.000000	0.000000	0.000000	0.000000	0.000000
3/31/2015	6:58:42 PM	0.000000E+0	0.000000E+0	0.000000E+0	0.000000E+0	0.000000E+0	0.000000E+0	0.000000E+0	0.000000E+0	0.000000E+0	0.000000E+0	0.000000E+0	0.000000E+0	0.000000	0.000000	0.000000	0.000000	0.000000	0.000000	0.000000	0.000000
3/31/2015	6:58:43 PM	0.000000E+0	0.000000E+0	0.000000E+0	0.000000E+0	0.000000E+0	0.000000E+0	0.000000E+0	0.000000E+0	0.000000E+0	0.000000E+0	0.000000E+0	0.000000E+0	0.000000	0.000000	0.000000	0.000000	0.000000	0.000000	0.000000	0.000000
3/31/2015	6:58:44 PM	0.000000E+0	0.000000E+0	0.000000E+0	0.000000E+0	0.000000E+0	0.000000E+0	0.000000E+0	0.000000E+0	0.000000E+0	0.000000E+0	0.000000E+0	0.000000E+0	0.000000	0.000000	0.000000	0.000000	0.000000	0.000000	0.000000	0.000000
3/31/2015	6:58:45 PM	0.000000E+0	0.000000E+0	0.000000E+0	0.000000E+0	0.000000E+0	0.000000E+0	0.000000E+0	0.000000E+0	0.000000E+0	0.000000E+0	0.000000E+0	0.000000E+0	0.000000	0.000000	0.000000	0.000000	0.000000	0.000000	0.000000	0.000000
3/31/2015	6:58:46 PM	0.000000E+0	0.000000E+0	0.000000E+0	0.000000E+0	0.000000E+0	0.000000E+0	0.000000E+0	0.000000E+0	0.000000E+0	0.000000E+0	0.000000E+0	0.000000E+0	0.000000	0.000000	0.000000	0.000000	0.000000	0.000000	0.000000	0.000000
3/31/2015	6:58:47 PM	0.000000E+0	0.000000E+0	0.000000E+0	0.000000E+0	0.000000E+0	0.000000E+0	0.000000E+0	0.000000E+0	0.000000E+0	0.000000E+0	0.000000E+0	0.000000E+0	0.000000	0.000000	0.000000	0.000000	0.000000	0.000000	0.000000	0.000000
3/31/2015	6:58:48 PM	0.000000E+0	0.000000E+0	0.000000E+0	0.000000E+0	0.000000E+0	0.000000E+0	0.000000E+0	0.000000E+0	0.000000E+0	0.000000E+0	0.000000E+0	0.000000E+0	0.000000	0.000000	0.000000	0.000000	0.000000	0.000000	0.000000	0.000000
3/31/2015	6:58:49 PM	0.000000E+0	0.000000E+0	0.000000E+0	0.000000E+0	0.000000E+0	0.000000E+0	0.000000E+0	0.000000E+0	0.000000E+0	0.000000E+0	0.000000E+0	0.000000E+0	0.000000	0.000000	0.000000	0.000000	0.000000	0.000000	0.000000	0.000000
3/31/2015	6:58:50 PM	0.000000E+0	0.000000E+0	0.000000E+0	0.000000E+0	0.000000E+0	0.000000E+0	0.000000E+0	0.000000E+0	0.000000E+0	0.000000E+0	0.000000E+0	0.000000E+0	0.000000	0.000000	0.000000	0.000000	0.000000	0.000000	0.000000	0.000000
3/31/2015	6:58:51 PM	0.000000E+0	0.000000E+0	0.000000E+0	0.000000E+0	0.000000E+0	0.000000E+0	0.000000E+0	0.000000E+0	0.000000E+0	0.000000E+0	0.000000E+0	0.000000E+0	0.000000	0.000000	0.000000	0.000000	0.000000	0.000000	0.000000	0.000000
3/31/2015	6:58:52 PM	0.000000E+0	0.000000E+0	0.000000E+0	0.000000E+0	0.000000E+0	0.000000E+0	0.000000E+0	0.000000E+0	0.000000E+0	0.000000E+0	0.000000E+0	0.000000E+0	0.000000	0.000000	0.000000	0.000000	0.000000	0.000000	0.000000	0.000000
3/31/2015	6:58:53 PM	0.000000E+0	0.000000E+0	0.000000E+0	0.000000E+0	0.000000E+0	0.000000E+0	0.000000E+0	0.000000E+0	0.000000E+0	0.000000E+0	0.000000E+0	0.000000E+0	0.000000	0.000000	0.000000	0.000000	0.000000	0.000000	0.000000	0.000000
3/31/2015	6:58:54 PM	0.000000E+0	0.000000E+0	0.000000E+0	0.000000E+0	0.000000E+0	0.000000E+0	0.000000E+0	0.000000E+0	0.000000E+0	0.000000E+0	0.000000E+0	0.000000E+0	0.000000	0.000000	0.000000	0.000000	0.000000	0.000000	0.000000	0.000000
3/31/2015	6:58:55 PM	0.000000E+0	0.000000E+0	0.000000E+0	0.000000E+0	0.000000E+0	0.000000E+0	0.000000E+0	0.000000E+0	0.000000E+0	0.000000E+0	0.000000E+0	0.000000E+0	0.000000	0.000000	0.000000	0.000000	0.000000	0.000000	0.000000	0.000000
3/31/2015	6:58:56 PM	0.000000E+0	0.000000E+0	0.000000E+0	0.000000E+0	0.000000E+0	0.000000E+0	0.000000E+0	0.000000E+0	0.000000E+0	0.000000E+0	0.000000E+0	0.000000E+0	0.000000	0.000000	0.000000	0.000000	0.000000	0.000000	0.000000	0.000000
3/31/2015	6:58:57 PM	0.000000E+0	0.000000E+0	0.000000E+0	0.000000E+0	0.000000E+0	0.000000E+0	0.000000E+0	0.000000E+0	0.000000E+0	0.000000E+0	0.000000E+0	0.000000E+0	0.000000	0.000000	0.000000	0.000000	0.000000	0.000000	0.000000	0.000000
3/31/2015	6:58:58 PM	0.000000E+0	0.000000E+0	0.000000E+0	0.000000E+0	0.000000E+0	0.000000E+0	0.000000E+0	0.000000E+0	0.000000E+0	0.000000E+0	0.000000E+0	0.000000E+0	0.000000	0.000000	0.000000	0.000000	0.000000	0.000000	0.000000	0.000000
3/31/2015	6:58:59 PM	0.000000E+0	0.000000E+0	0.000000E+0	0.000000E+0	0.000000E+0	0.000000E+0	0.000000E+0	0.000000E+0	0.000000E+0	0.000000E+0	0.000000E+0	0.000000E+0	0.000000	0.000000	0.000000	0.000000	0.000000	0.000000	0.000000	0.000000
3/31/2015	6:59:00 PM	0.000000E+0	0.000000E+0	0.000000E+0	0.000000E+0	0.000000E+0	0.000000E+0	0.000000E+0	0.000000E+0	0.000000E+0	0.000000E+0	0.000000E+0	0.000000E+0	0.000000	0.000000	0.000000	0.000000	0.000000	0.000000	0.000000	0.000000
3/31/2015	6:59:01 PM	0.000000E+0	0.000000E+0	0.000000E+0	0.000000E+0	0.000000E+0	0.000000E+0	0.000000E+0	0.000000E+0	0.000000E+0	0.000000E+0	0.000000E+0	0.000000E+0	0.000000	0.000000	0.000000	0.000000	0.000000	0.000000	0.000000	0.000000
3/31/2015	6:59:02 PM	0.000000E+0	0.000000E+0	0.000000E+0	0.000000E+0	0.000000E+0	0.000000E+0	0.000000E+0	0.000000E+0	0.000000E+0	0.000000E+0	0.000000E+0	0.000000E+0	0.000000	0.000000	0.000000	0.000000	0.000000	0.000000	0.000000	0.000000
3/31/2015	6:59:03 PM	0.000000E+0	0.000000E+0	0.000000E+0	0.000000E+0	0.000000E+0	0.000000E+0	0.000000E+0	0.000000E+0	0.000000E+0	0.000000E+0	0.000000E+0	0.000000E+0	0.000000	0.000000	0.000000	0.000000	0.000000	0.000000	0.000000	0.000000
3/31/2015	6:59:04 PM	0.000000E+0	0.000000E+0	0.000000E+0	0.000000E+0	0.000000E+0	0.000000E+0	0.000000E+0	0.000000E+0	0.000000E+0	0.000000E+0	0.000000E+0	0.000000E+0	0.000000	0.000000	0.000000	0.000000	0.000000	0.000000	0.000000	0.000000
3/31/2015	6:59:05 PM	0.000000E+0	0.000000E+0	0.000000E+0	0.000000E+0	0.000000E+0	0.000000E+0	0.000000E+0	0.000000E+0	0.000000E+0	0.000000E+0	0.000000E+0	0.000000E+0	0.000000	0.000000	0.000000	0.000000	0.000000	0.000000	0.000000	0.000000
3/31/2015	6:59:06 PM	0.000000E+0	0.000000E+0	0.000000E+0	0.000000E+0	0.000000E+0	0.000000E+0	0.000000E+0	0.000000E+0	0.000000E+0	0.000000E+0	0.000000E+0	0.000000E+0	0.000000	0.000000	0.000000	0.000000	0.000000	0.000000	0.000000	0.000000
3/31/2015	6:59:07 PM	0.000000E+0	0.000000E+0	0.000000E+0	0.000000E+0	0.000000E+0	0.000000E+0	0.000000E+0	0.000000E+0	0.000000E+0	0.000000E+0	0.000000E+0	0.000000E+0	0.000000	0.000000	0.000000	0.000000	0.000000	0.000000	0.000000	0.000000
3/31/2015	6:59:08 PM	0.000000E+0	0.000000E+0	0.000000E+0	0.000000E+0	0.000000E+0	0.000000E+0	0.000000E+0	0.000000E+0	0.000000E+0	0.000000E+0	0.000000E+0	0.000000E+0	0.000000	0.000000	0.000000	0.000000	0.000000	0.000000	0.000000	0.000000
3/31/2015	6:59:09 PM	0.000000E+0	0.000000E+0	0.000000E+0	0.000000E+0	0.000000E+0	0.000000E+0	0.000000E+0	0.000000E+0	0.000000E+0	0.000000E+0	0.000000E+0	0.000000E+0	0.000000	0.000000	0.000000	0.000000	0.000000	0.000000	0.000000	0.000000
3/31/2015	6:59:10 PM	0.000000E+0	0.000000E+0	0.000000E+0	0.000000E+0	0.000000E+0	0.000000E+0	0.000000E+0	0.000000E+0	0.000000E+0	0.000000E+0	0.000000E+0	0.000000E+0	0.000000	0.000000	0.000000	0.000000	0.000000	0.000000	0.000000	0.000000
3/31/2015	6:59:11 PM	0.000000E+0	0.000000E+0	0.000000E+0	0.000000E+0	0.000000E+0	0.000000E+0	0.000000E+0	0.000000E+0	0.000000E+0	0.000000E+0	0.000000E+0	0.000000E+0	0.000000	0.000000	0.000000	0.000000	0.000000	0.000000	0.000000	0.000000
3/31/2015	6:59:12 PM	0.000000E+0	0.000000E+0	0.000000E+0	0.000000E+0	0.000000E+0	0.000000E+0	0.000000E+0	0.000000E+0	0.000000E+0	0.000000E+0	0.000000E+0	0.000000E+0	0.000000	0.000000	0.000000	0.000000	0.000000	0.000000	0.000000	0.000000
3/31/2015	6:59:13 PM	0.000000E+0	0.000000E+0	0.000000E+0	0.000000E+0	0.000000E+0	0.000000E+0	0.000000E+0	0.000000E+0	0.000000E+0	0.000000E+0	0.000000E+0	0.000000E+0	0.000000	0.000000	0.000000	0.000000	0.000000	0.000000	0.000000	0.000000
3/31/2015	6:59:14 PM	0.000000E+0	0.000000E+0	0.000000E+0	0.000000E+0	0.000000E+0	0.000000E+0	0.000000E+0	0.000000E+0	0.000000E+0	0.000000E+0	0.000000E+0	0.000000E+0	0.000000	0.000000	0.000000	0.000000	0.000000	0.000000	0.000000	0.000000
3/31/2015	6:59:15 PM	0.000000E+0	0.000000E+0	0.000000E+0	0.000000E+0	0.000000E+0	0.000000E+0	0.000000E+0	0.000000E+0	0.000000E+0	0.000000E+0	0.000000E+0	0.000000E+0	0.000000	0.000000	0.000000	0.000000	0.000000	0.000000	0.000000	0.000000
3/31/2015	6:59:16 PM	0.000000E+0	0.000000E+0	0.000000E+0	0.000000E+0	0.000000E+0	0.000000E+0	0.000000E+0	0.000000E+0	0.000000E+0	0.000000E+0	0.000000E+0	0.000000E+0	0.000000	0.000000	0.000000	0.000000	0.000000	0.000000	0.000000	0.000000
3/31/2015	6:59:17 PM	0.000000E+0	0.000000E+0	0.000000E+0	0.000000E+0	0.000000E+0	0.000000E+0	0.000000E+0	0.000000E+0	0.000000E+0	0.000000E+0	0.000000E+0	0.000000E+0	0.000000	0.000000	0.000000	0.000000	0.000000	0.000000	0.000000	0.000000
3/31/2015	6:59:18 PM	0.000000E+0	0.000000E+0	0.000000E+0	0.000000E+0	0.000000E+0	0.000000E+0	0.000000E+0	0.000000E+0	0.000000E+0	0.000000E+0	0.000000E+0	0.000000E+0	0.000000	0.000000	0.000000	0.000000	0.000000	0.000000	0.000000	0.000000
3/31/2015	6:59:19 PM	0.000000E+0	0.000000E+0	0.000000E+0	0.000000E+0	0.000000E+0	0.000000E+0	0.000000E+0	0.000000E+0	0.000000E+0	0.000000E+0	0.000000E+0	0.000000E+0	0.000000	0.000000	0.000000	0.000000	0.000000	0.000000	0.000000	0.000000
3/31/2015	6:59:20 PM	0.000000E+0	0.000000E+0	0.000000E+0	0.000000E+0	0.000000E+0	0.000000E+0	0.000000E+0	0.000000E+0	0.000000E+0	0.000000E+0	0.000000E+0	0.000000E+0	0.000000	0.000000	0.000000	0.000000	0.000000	0.000000	0.000000	0.000000
3/31/2015	6:59:21 PM	0.000000E+0	0.000000E+0	0.000000E+0	0.000000E+0	0.000000E+0	0.000000E+0	0.000000E+0	0.000000E+0	0.000000E+0	0.000000E+0	0.000000E+0	0.000000E+0	0.000000	0.000000	0.000000	0.000000	0.000000	0.000000	0.000000	0.000000
3/31/2015	6:59:22 PM	0.000000E+0	0.000000E+0	0.000000E+0	0.000000E+0	0.000000E+0	0.000000E+0	0.000000E+0	0.000000E+0	0.000000E+0	0.000000E+0	0.000000E+0	0.000000E+0	0.000000	0.000000	0.000000	0.000000	0.000000	0.000000	0.000000	0.000000
3/31/2015	6:59:23 PM	0.000000E+0	0.000000E+0	0.000000E+0	0.000000E+0	0.000000E+0	0.000000E+0	0.000000E+0	0.000000E+0	0.000000E+0	0.000000E+0	0.000000E+0	0.000000E+0	0.000000	0.000000	0.000000	0.000000	0.000000	0.000000	0.000000	0.000000
3/31/2015	6:59:24 PM	0.000000E+0	0.000000E+0	0.000000E+0	0.000000E+0	0.000000E+0	0.000000E+0	0.000000E+0	0.000000E+0	0.000000E+0	0.000000E+0	0.000000E+0	0.000000E+0	0.000000	0.000000	0.000000	0.000000	0.000000	0.000000	0.000000	0.000000
3/31/2015	6:59:25 PM	0.000000E+0	0.000000E+0	0.000000E+0	0.000000E+0	0.000000E+0	0.000000E+0	0.000000E+0	0.000000E+0	0.000000E+0	0.000000E+0	0.000000E+0	0.000000E+0	0.000000	0.000000	0.000000	0.000000	0.000000	0.000000	0.000000	0.000000
3/31/2015	6:59:26 PM	0.000000E+0	0.000000E+0	0.000000E+0	0.000000E+0	0.000000E+0	0.000000E+0	0.000000E+0	0.000000E+0	0.000000E+0	0.000000E+0	0.000000E+0	0.000000E+0	0.000000	0.000000	0.000000	0.000000	0.000000	0.000000	0.000000	0.000000
3/31/2015	6:59:27 PM	0.000000E+0	0.000000E+0	0.000000E+0	0.000000E+0	0.000000E+0	0.000000E+0	0.000000E+0	0.000000E+0	0.000000E+0	0.000000E+0	0.000000E+0	0.000000E+0	0.000000	0.000000	0.000000	0.000000	0.000000	0.000000	0.000000	0.000000
3/31/2015	6:59:28 PM	0.000000E+0	0.000000E+0	0.000000E+0	0.000000E+0	0.000000E+0	0.000000E+0	0.000000E+0	0.000000E+0	0.000000E+0	0.000000E+0	0.000000E+0	0.000000E+0	0.000000	0.000000	0.000000	0.000000	0.000000	0.000000	0.000000	0.000000
3/31/2015	6:59:29 PM	0.000000E+0	0.000000E+0	0.000000E+0	0.000000E+0	0.000000E+0	0.000000E+0	0.000000E+0	0.000000E+0	0.000000E+0	0.000000E+0	0.000000E+0	0.000000E+0	0.000000	0.000000	0.000000	0.000000	0.000000	0.000000	0.000000	0.000000
3/31/2015	6:59:30 PM	0.000000E+0	0.000000E+0	0.000000E+0	0.000000E+0	0.000000E+0	0.000000E+0	0.000000E+0	0.000000E+0	0.000000E+0	0.000000E+0	0.000000E+0	0.000000E+0	0.000000	0.000000	0.000000	0.000000	0.000000	0.000000	0.000000	0.000000
3/31/2015	6:59:31 PM	0.000000E+0	0.000000E+0	0.000000E+0	0.000000E+0	0.000000E+0	0.000000E+0	0.000000E+0	0.000000E+0	0.000000E+0	0.000000E+0	0.000000E+0	0.000000E+0	0.000000	0.000000	0.000000	0.000000	0.000000	0.000000	0.000000	0.000000
3/31/2015	6:59:32 PM	0.000000E+0	0.000000E+0	0.000000E+0	0.000000E+0	0.000000E+0	0.000000E+0	0.000000E+0	0.000000E+0	0.000000E+0	0.000000E+0	0.000000E+0	0.000000E+0	0.000000	0.000000	0.000000	0.000000	0.000000	0.000000	0.000000	0.000000
3/31/2015	6:59:33 PM	0.000000E+0	0.000000E+0	0.000000E+0	0.000000E+0	0.000000E+0	0.000000E+0	0.000000E+0	0.000000E+0	0.000000E+0	0.000000E+0	0.000000E+0	0.000000E+0	0.000000	0.000000	0.000000	0.000000	0.000000	0.000000	0.000000	0.000000
3/31/2015	6:59:34 PM	0.000000E+0	0.000000E+0	0.000000E+0	0.000000E+0	0.000000E+0	0.000000E+0	0.000000E+0	0.000000E+0	0.000000E+0	0.000000E+0	0.000000E+0	0.000000E+0	0.000000	0.000000	0.000000	0.000000	0.000000	0.000000	0.000000	0.000000
3/31/2015	6:59:35 PM	0.000000E+0	0.000000E+0	0.000000E+0	0.000000E+0	0.000000E+0	0.000000E+0	0.000000E+0	0.000000E+0	0.000000E+0	0.000000E+0	0.000000E+0	0.000000E+0	0.000000	0.000000	0.000000	0.000000	0.000000	0.000000	0.000000	0.000000
3/31/2015	6:59:36 PM	0.000000E+0	0.000000E+0	0.000000E+0	0.000000E+0	0.000000E+0	0.000000E+0	0.000000E+0	0.000000E+0	0.000000E+0	0.000000E+0	0.000000E+0	0.000000E+0	0.000000	0.000000	0.000000	0.000000	0.000000	0.000000	0.000000	0.000000
3/31/2015	6:59:37 PM	0.000000E+0	0.000000E+0	0.000000E+0	0.000000E+0	0.000000E+0	0.000000E+0	0.000000E+0	0.000000E+0	0.000000E+0	0.000000E+0	0.000000E+0	0.000000E+0	0.000000	0.000000	0.000000	0.000000	0.000000	0.000000	0.000000	0.000000
3/31/2015	6:59:38 PM	0.000000E+0	0.000000E+0	0.000000E+0	0.000000E+0	0.000000E+0	0.000000E+0	0.000000E+0	0.000000E+0	0.000000E+0	0.000000E+0	0.000000E+0	0.000000E+0	0.000000	0.000000	0.000000	0.000000	0.000000	0.000000	0.000000	0.000000
3/31/2015	6:59:39 PM	0.000000E+0	0.000000E+0	0.000000E+0	0.000000E+0	0.000000E+0	0.000000E+0	0.000000E+0	0.000000E+0	0.000000E+0	0.000000E+0	0.000000E+0	0.000000E+0	0.000000	0.000000	0.000000	0.000000	0.000000	0.000000	0.000000	0.000000
3/31/2015	6:59:40 PM	0.000000E+0	0.000000E+0	0.000000E+0	0.000000E+0	0.000000E+0	0.000000E+0	0.000000E+0	0.000000E+0	0.000000E+0	0.000000E+0	0.000000E+0	0.000000E+0	0.000000	0.000000	0.000000	0.000000	0.000000	0.000000	0.000000	0.000000
3/31/2015	6:59:41 PM	0.000000E+0	0.000000E+0	0.000000E+0	0.000000E+0	0.000000E+0	0.000000E+0	0.000000E+0	0.000000E+0	0.000000E+0	0.000000E+0	0.000000E+0	0.000000E+0	0.000000	0.000000	0.000000	0.000000	0.000000	0.000000	0.000000	0.000000
3/31/2015	6:59:42 PM	0.000000E+0	0.000000E+0	0.000000E+0	0.000000E+0	0.000000E+0	0.000000E+0	0.000000E+0	0.000000E+0	0.000000E+0	0.000000E+0	0.000000E+0	0.000000E+0	0.000000	0.000000	0.000000	0.000000	0.000000	0.000000	0.000000	0.000000
3/31/2015	6:59:43 PM	0.000000E+0	0.000000E+0	0.000000E+0	0.000000E+0	0.000000E+0	0.000000E+0	0.000000E+0	0.000000E+0	0.000000E+0	0.000000E+0	0.000000E+0	0.000000E+0	0.000000	0.000000	0.000000	0.000000	0.000000	0.000000	0.000000	0.000000
3/31/2015	6:59:43 PM	0.000000E+0	0.000000E+0	0.000000E+0	0.000000E+0	0.000000E+0	0.000000E+0	0.000000E+0	0.000000E+0	0.000000E+0	0.000000E+0	0.000000E+0	0.000000E+0	0.000000	0.000000	0.000000	0.000000	0.000000	0.000000	0.000000	0.000000
3/31/2015	6:59:43 PM	0.000000E+0	0.000000E+0	0.000000E+0	0.000000E+0	0.000000E+0	0.000000E+0	0.000000E+0	0.000000E+0	0.000000E+0	0.000000E+0	0.000000E+0	0.000000E+0	0.000000	0.000000	0.000000	0.000000	0.000000	0.000000	0.000000	0.000000
3/31/2015	6:59:43 PM	0.000000E+0	0.000000E+0	0.000000E+0	0.000000E+0	0.000000E+0	0.000000E+0	0.000000E+0	0.000000E+0	0.000000E+0	0.000000E+0	0.000000E+0	0.000000E+0	0.000000	0.000000	0.000000	0.000000	0.000000	0.000000	0.000000	0.000000
3/31/2015	6:59:43 PM	0.000000E+0	0.000000E+0	0.000000E+0	0.000000E+0	0.000000E+0	0.000000E+0	0.000000E+0	0.000000E+0	0.000000E+0	0.000000E+0	0.000000E+0	0.000000E+0	0.000000	0.000000	0.000000	0.000000	0.000000	0.000000	0.000000	0.000000
3/31/2015	6:59:44 PM	0.000000E+0	0.000000E+0	0.000000E+0	0.000000E+0	0.000000E+0	0.000000E+0	0.000000E+0	0.000000E+0	0.000000E+0	0.000000E+0	0.000000E+0	0.000000E+0	0.000000	0.000000	0.000000	0.000000	0.000000	0.000000	0.000000	0.000000
3/31/2015	6:59:45 PM	0.000000E+0	0.000000E+0	0.000000E+0	1.612494E-2	1.000275E+0	1.603662E-2	0.000000E+0	0.000000E+0	0.000000E+0	0.000000E+0	0.000000E+0	0.000000E+0	0.000000	0.000000	0.000000	0.000000	0.000000	0.000000	0.000000	0.000000
3/31/2015	6:59:46 PM	0.000000E+0	0.000000E+0	0.000000E+0	1.612494E-2	1.000275E+0	1.603662E-2	0.000000E+0	0.000000E+0	0.000000E+0	0.000000E+0	0.000000E+0	0.000000E+0	0.000000	0.000000	0.000000	0.000000	0.000000	0.000000	0.000000	0.000000
3/31/2015	6:59:47 PM	0.000000E+0	0.000000E+0	0.000000E+0	1.604363E-2	1.000274E+0	1.603783E-2	0.000000E+0	0.000000E+0	0.000000E+0	0.000000E+0	0.000000E+0	0.000000E+0	0.000000	0.000000	0.000000	0.000000	0.000000	0.000000	0.000000	0.000000
3/31/2015	6:59:48 PM	0.000000E+0	0.000000E+0	0.000000E+0	1.604363E-2	1.000274E+0	1.603783E-2	0.000000E+0	0.000000E+0	0.000000E+0	0.000000E+0	0.000000E+0	0.000000E+0	0.000000	0.000000	0.000000	0.000000	0.000000	0.000000	0.000000	0.000000
3/31/2015	6:59:49 PM	0.000000E+0	0.000000E+0	0.000000E+0	1.604633E-2	1.000275E+0	1.604275E-2	0.000000E+0	0.000000E+0	0.000000E+0	0.000000E+0	0.000000E+0	0.000000E+0	0.000000	0.000000	0.000000	0.000000	0.000000	0.000000	0.000000	0.000000
3/31/2015	6:59:50 PM	0.000000E+0	0.000000E+0	0.000000E+0	1.604633E-2	1.000275E+0	1.604275E-2	0.000000E+0	0.000000E+0	0.000000E+0	0.000000E+0	0.000000E+0	0.000000E+0	0.000000	0.000000	0.000000	0.000000	0.000000	0.000000	0.000000	0.000000
3/31/2015	6:59:51 PM	0.000000E+0	0.000000E+0	0.000000E+0	1.604399E-2	1.000270E+0	1.604189E-2	0.000000E+0	0.000000E+0	0.000000E+0	0.000000E+0	0.000000E+0	0.000000E+0	0.000000	0.000000	0.000000	0.000000	0.000000	0.000000	0.000000	0.000000
3/31/2015	6:59:52 PM	0.000000E+0	0.000000E+0	0.000000E+0	1.604585E-2	1.000271E+0	1.604796E-2	0.000000E+0	0.000000E+0	0.000000E+0	0.000000E+0	0.000000E+0	0.000000E+0	0.000000	0.000000	0.000000	0.000000	0.000000	0.000000	0.000000	0.000000
3/31/2015	6:59:53 PM	0.000000E+0	0.000000E+0	0.000000E+0	1.604585E-2	1.000271E+0	1.604796E-2	0.000000E+0	0.000000E+0	0.000000E+0	0.000000E+0	0.000000E+0	0.000000E+0	0.000000	0.000000	0.000000	0.000000	0.000000	0.000000	0.000000	0.000000
3/31/2015	6:59:54 PM	0.000000E+0	0.000000E+0	0.000000E+0	1.604744E-2	1.000271E+0	1.604700E-2	0.000000E+0	0.000000E+0	0.000000E+0	0.000000E+0	0.000000E+0	0.000000E+0	0.000000	0.000000	0.000000	0.000000	0.000000	0.000000	0.000000	0.000000
3/31/2015	6:59:55 PM	0.000000E+0	0.000000E+0	0.000000E+0	1.604744E-2	1.000271E+0	1.604700E-2	0.000000E+0	0.000000E+0	0.000000E+0	0.000000E+0	0.000000E+0	0.000000E+0	0.000000	0.000000	0.000000	0.000000	0.000000	0.000000	0.000000	0.000000
3/31/2015	6:59:56 PM	0.000000E+0	0.000000E+0	0.000000E+0	1.605346E-2	1.000270E+0	1.604783E-2	0.000000E+0	0.000000E+0	0.000000E+0	0.000000E+0	0.000000E+0	0.000000E+0	0.000000	0.000000	0.000000	0.000000	0.000000	0.000000	0.000000	0.000000
3/31/2015	6:59:57 PM	0.000000E+0	0.000000E+0	0.000000E+0	1.605346E-2	1.000270E+0	1.604783E-2	0.000000E+0	0.000000E+0	0.000000E+0	0.000000E+0	0.000000E+0	0.000000E+0	0.000000	0.000000	0.000000	0.000000	0.000000	0.000000	0.000000	0.000000
3/31/2015	6:59:58 PM	0.000000E+0	0.000000E+0	0.000000E+0	1.605154E-2	1.000272E+0	1.604849E-2	0.000000E+0	0.000000E+0	0.000000E+0	0.000000E+0	0.000000E+0	0.000000E+0	0.000000	0.000000	0.000000	0.000000	0.000000	0.000000	0.000000	0.000000
3/31/2015	6:59:59 PM	0.000000E+0	0.000000E+0	0.000000E+0	1.605420E-2	1.000269E+0	1.604847E-2	0.000000E+0	0.000000E+0	0.000000E+0	0.000000E+0	0.000000E+0	0.000000E+0	0.000000	0.000000	0.000000	0.000000	0.000000	0.000000	0.000000	0.000000
3/31/2015	7:00:00 PM	0.000000E+0	0.000000E+0	0.000000E+0	1.605420E-2	1.000269E+0	1.604847E-2	0.000000E+0	0.000000E+0	0.000000E+0	0.000000E+0	0.000000E+0	0.000000E+0	0.000000	0.000000	0.000000	0.000000	0.000000	0.000000	0.000000	0.000000
3/31/2015	7:00:01 PM	0.000000E+0	0.000000E+0	0.000000E+0	1.605246E-2	1.000268E+0	1.604965E-2	0.000000E+0	0.000000E+0	0.000000E+0	0.000000E+0	0.000000E+0	0.000000E+0	0.000000	0.000000	0.000000	0.000000	0.000000	0.000000	0.000000	0.000000
3/31/2015	7:00:02 PM	0.000000E+0	0.000000E+0	0.000000E+0	1.605246E-2	1.000268E+0	1.604965E-2	0.000000E+0	0.000000E+0	0.000000E+0	0.000000E+0	0.000000E+0	0.000000E+0	0.000000	0.000000	0.000000	0.000000	0.000000	0.000000	0.000000	0.000000
3/31/2015	7:00:03 PM	0.000000E+0	0.000000E+0	0.000000E+0	1.605307E-2	1.000270E+0	1.604831E-2	0.000000E+0	0.000000E+0	0.000000E+0	0.000000E+0	0.000000E+0	0.000000E+0	0.000000	0.000000	0.000000	0.000000	0.000000	0.000000	0.000000	0.000000
3/31/2015	7:00:04 PM	0.000000E+0	0.000000E+0	0.000000E+0	1.605307E-2	1.000270E+0	1.604831E-2	0.000000E+0	0.000000E+0	0.000000E+0	0.000000E+0	0.000000E+0	0.000000E+0	0.000000	0.000000	0.000000	0.000000	0.000000	0.000000	0.000000	0.000000
3/31/2015	7:00:05 PM	0.000000E+0	0.000000E+0	0.000000E+0	1.605653E-2	1.000268E+0	1.605069E-2	0.000000E+0	0.000000E+0	0.000000E+0	0.000000E+0	0.000000E+0	0.000000E+0	0.000000	0.000000	0.000000	0.000000	0.000000	0.000000	0.000000	0.000000
3/31/2015	7:00:06 PM	0.000000E+0	0.000000E+0	0.000000E+0	1.605771E-2	1.000268E+0	1.605005E-2	0.000000E+0	0.000000E+0	0.000000E+0	0.000000E+0	0.000000E+0	0.000000E+0	0.000000	0.000000	0.000000	0.000000	0.000000	0.000000	0.000000	0.000000
3/31/2015	7:00:07 PM	0.000000E+0	0.000000E+0	0.000000E+0	1.605771E-2	1.000268E+0	1.605005E-2	0.000000E+0	0.000000E+0	0.000000E+0	0.000000E+0	0.000000E+0	0.000000E+0	0.000000	0.000000	0.000000	0.000000	0.000000	0.000000	0.000000	0.000000
3/31/2015	7:00:08 PM	0.000000E+0	0.000000E+0	0.000000E+0	1.605533E-2	1.000266E+0	1.605326E-2	0.000000E+0	0.000000E+0	0.000000E+0	0.000000E+0	0.000000E+0	0.000000E+0	0.000000	0.000000	0.000000	0.000000	0.000000	0.000000	0.000000	0.000000
3/31/2015	7:00:09 PM	0.000000E+0	0.000000E+0	0.000000E+0	1.605533E-2	1.000266E+0	1.605326E-2	0.000000E+0	0.000000E+0	0.000000E+0	0.000000E+0	0.000000E+0	0.000000E+0	0.000000	0.000000	0.000000	0.000000	0.000000	0.000000	0.000000	0.000000
3/31/2015	7:00:10 PM	0.000000E+0	0.000000E+0	0.000000E+0	1.605516E-2	1.000265E+0	1.604922E-2	0.000000E+0	0.000000E+0	0.000000E+0	0.000000E+0	0.000000E+0	0.000000E+0	0.000000	0.000000	0.000000	0.000000	0.000000	0.000000	0.000000	0.000000
3/31/2015	7:00:11 PM	0.000000E+0	0.000000E+0	0.000000E+0	1.605516E-2	1.000265E+0	1.604922E-2	0.000000E+0	0.000000E+0	0.000000E+0	0.000000E+0	0.000000E+0	0.000000E+0	0.000000	0.000000	0.000000	0.000000	0.000000	0.000000	0.000000	0.000000
3/31/2015	7:00:12 PM	0.000000E+0	0.000000E+0	0.000000E+0	1.605543E-2	1.000266E+0	1.605210E-2	0.000000E+0	0.000000E+0	0.000000E+0	0.000000E+0	0.000000E+0	0.000000E+0	0.000000	0.000000	0.000000	0.000000	0.000000	0.000000	0.000000	0.000000
3/31/2015	7:00:13 PM	0.000000E+0	0.000000E+0	0.000000E+0	1.605725E-2	1.000264E+0	1.605427E-2	0.000000E+0	0.000000E+0	0.000000E+0	0.000000E+0	0.000000E+0	0.000000E+0	0.000000	0.000000	0.000000	0.000000	0.000000	0.000000	0.000000	0.000000
3/31/2015	7:01:13 PM	0.000000E+0	0.000000E+0	0.000000E+0	-9.999592E+2	-1.030542E-7	9.767223E+9	0.000000E+0	0.000000E+0	0.000000E+0	0.000000E+0	0.000000E+0	0.000000E+0	0.000000	0.000000	0.000000	0.000000	0.000000	0.000000	0.000000	0.000000
3/31/2015	7:02:13 PM	0.000000E+0	0.000000E+0	0.000000E+0	-9.999577E+2	-1.015412E-7	9.831208E+9	0.000000E+0	0.000000E+0	0.000000E+0	0.000000E+0	0.000000E+0	0.000000E+0	0.000000	0.000000	0.000000	0.000000	0.000000	0.000000	0.000000	0.000000
3/31/2015	7:03:13 PM	0.000000E+0	0.000000E+0	0.000000E+0	-9.999562E+2	-1.003747E-7	9.910042E+9	0.000000E+0	0.000000E+0	0.000000E+0	0.000000E+0	0.000000E+0	0.000000E+0	0.000000	0.000000	0.000000	0.000000	0.000000	0.000000	0.000000	0.000000
3/31/2015	7:04:13 PM	0.000000E+0	0.000000E+0	0.000000E+0	-9.999566E+2	-1.011249E-7	9.830704E+9	0.000000E+0	0.000000E+0	0.000000E+0	0.000000E+0	0.000000E+0	0.000000E+0	0.000000	0.000000	0.000000	0.000000	0.000000	0.000000	0.000000	0.000000
3/31/2015	7:05:14 PM	0.000000E+0	0.000000E+0	0.000000E+0	-9.999558E+2	-1.008244E-7	9.927678E+9	0.000000E+0	0.000000E+0	0.000000E+0	0.000000E+0	0.000000E+0	0.000000E+0	0.000000	0.000000	0.000000	0.000000	0.000000	0.000000	0.000000	0.000000
3/31/2015	7:06:14 PM	0.000000E+0	0.000000E+0	0.000000E+0	-9.999557E+2	-1.004888E-7	9.947044E+9	0.000000E+0	0.000000E+0	0.000000E+0	0.000000E+0	0.000000E+0	0.000000E+0	0.000000	0.000000	0.000000	0.000000	0.000000	0.000000	0.000000	0.000000
3/31/2015	7:07:14 PM	0.000000E+0	0.000000E+0	0.000000E+0	-9.999560E+2	-9.977210E-8	9.985222E+9	0.000000E+0	0.000000E+0	0.000000E+0	0.000000E+0	0.000000E+0	0.000000E+0	0.000000	0.000000	0.000000	0.000000	0.000000	0.000000	0.000000	0.000000
3/31/2015	7:08:14 PM	0.000000E+0	0.000000E+0	0.000000E+0	-9.999558E+2	-9.964333E-8	1.000873E+10	0.000000E+0	0.000000E+0	0.000000E+0	0.000000E+0	0.000000E+0	0.000000E+0	0.000000	0.000000	0.000000	0.000000	0.000000	0.000000	0.000000	0.000000
3/31/2015	7:09:14 PM	0.000000E+0	0.000000E+0	0.000000E+0	-9.999558E+2	-9.959319E-8	1.008223E+10	0.000000E+0	0.000000E+0	0.000000E+0	0.000000E+0	0.000000E+0	0.000000E+0	0.000000	0.000000	0.000000	0.000000	0.000000	0.000000	0.000000	0.000000
3/31/2015	7:10:14 PM	0.000000E+0	0.000000E+0	0.000000E+0	-9.999559E+2	-1.007545E-7	9.985725E+9	0.000000E+0	0.000000E+0	0.000000E+0	0.000000E+0	0.000000E+0	0.000000E+0	0.000000	0.000000	0.000000	0.000000	0.000000	0.000000	0.000000	0.000000
3/31/2015	7:11:14 PM	0.000000E+0	0.000000E+0	0.000000E+0	-9.999562E+2	-1.001568E-7	1.005099E+10	0.000000E+0	0.000000E+0	0.000000E+0	0.000000E+0	0.000000E+0	0.000000E+0	0.000000	0.000000	0.000000	0.000000	0.000000	0.000000	0.000000	0.000000
3/31/2015	7:12:14 PM	0.000000E+0	0.000000E+0	0.000000E+0	-9.999553E+2	-1.001813E-7	1.007926E+10	0.000000E+0	0.000000E+0	0.000000E+0	0.000000E+0	0.000000E+0	0.000000E+0	0.000000	0.000000	0.000000	0.000000	0.000000	0.000000	0.000000	0.000000
3/31/2015	7:13:14 PM	0.000000E+0	0.000000E+0	0.000000E+0	-9.999556E+2	-9.927162E-8	1.007812E+10	0.000000E+0	0.000000E+0	0.000000E+0	0.000000E+0	0.000000E+0	0.000000E+0	0.000000	0.000000	0.000000	0.000000	0.000000	0.000000	0.000000	0.000000
3/31/2015	7:14:14 PM	0.000000E+0	0.000000E+0	0.000000E+0	-9.999560E+2	-1.001101E-7	1.002088E+10	0.000000E+0	0.000000E+0	0.000000E+0	0.000000E+0	0.000000E+0	0.000000E+0	0.000000	0.000000	0.000000	0.000000	0.000000	0.000000	0.000000	0.000000
3/31/2015	7:15:14 PM	0.000000E+0	0.000000E+0	0.000000E+0	-9.999558E+2	-1.002482E-7	1.002876E+10	0.000000E+0	0.000000E+0	0.000000E+0	0.000000E+0	0.000000E+0	0.000000E+0	0.000000	0.000000	0.000000	0.000000	0.000000	0.000000	0.000000	0.000000
3/31/2015	7:16:14 PM	0.000000E+0	0.000000E+0	0.000000E+0	-9.999559E+2	-1.001125E-7	9.962136E+9	0.000000E+0	0.000000E+0	0.000000E+0	0.000000E+0	0.000000E+0	0.000000E+0	0.000000	0.000000	0.000000	0.000000	0.000000	0.000000	0.000000	0.000000
3/31/2015	7:17:14 PM	0.000000E+0	0.000000E+0	0.000000E+0	-9.999556E+2	-9.974256E-8	1.004836E+10	0.000000E+0	0.000000E+0	0.000000E+0	0.000000E+0	0.000000E+0	0.000000E+0	0.000000	0.000000	0.000000	0.000000	0.000000	0.000000	0.000000	0.000000
3/31/2015	7:18:14 PM	0.000000E+0	0.000000E+0	0.000000E+0	-9.999554E+2	-1.001779E-7	1.003338E+10	0.000000E+0	0.000000E+0	0.000000E+0	0.000000E+0	0.000000E+0	0.000000E+0	0.000000	0.000000	0.000000	0.000000	0.000000	0.000000	0.000000	0.000000
3/31/2015	7:19:14 PM	0.000000E+0	0.000000E+0	0.000000E+0	-9.999557E+2	-1.012775E-7	9.850959E+9	0.000000E+0	0.000000E+0	0.000000E+0	0.000000E+0	0.000000E+0	0.000000E+0	0.000000	0.000000	0.000000	0.000000	0.000000	0.000000	0.000000	0.000000
3/31/2015	7:20:14 PM	0.000000E+0	0.000000E+0	0.000000E+0	-9.999560E+2	-1.014105E-7	9.803683E+9	0.000000E+0	0.000000E+0	0.000000E+0	0.000000E+0	0.000000E+0	0.000000E+0	0.000000	0.000000	0.000000	0.000000	0.000000	0.000000	0.000000	0.000000
3/31/2015	7:21:14 PM	0.000000E+0	0.000000E+0	0.000000E+0	-9.999556E+2	-1.005851E-7	9.961358E+9	0.000000E+0	0.000000E+0	0.000000E+0	0.000000E+0	0.000000E+0	0.000000E+0	0.000000	0.000000	0.000000	0.000000	0.000000	0.000000	0.000000	0.000000
3/31/2015	7:22:14 PM	0.000000E+0	0.000000E+0	0.000000E+0	-9.999553E+2	-1.002085E-7	9.893134E+9	0.000000E+0	0.000000E+0	0.000000E+0	0.000000E+0	0.000000E+0	0.000000E+0	0.000000	0.000000	0.000000	0.000000	0.000000	0.000000	0.000000	0.000000
3/31/2015	7:23:14 PM	0.000000E+0	0.000000E+0	0.000000E+0	-9.999559E+2	-1.005320E-7	9.979628E+9	0.000000E+0	0.000000E+0	0.000000E+0	0.000000E+0	0.000000E+0	0.000000E+0	0.000000	0.000000	0.000000	0.000000	0.000000	0.000000	0.000000	0.000000
3/31/2015	7:24:14 PM	0.000000E+0	0.000000E+0	0.000000E+0	-9.999557E+2	-1.010520E-7	9.856416E+9	0.000000E+0	0.000000E+0	0.000000E+0	0.000000E+0	0.000000E+0	0.000000E+0	0.000000	0.000000	0.000000	0.000000	0.000000	0.000000	0.000000	0.000000
3/31/2015	7:25:14 PM	0.000000E+0	0.000000E+0	0.000000E+0	-9.999554E+2	-1.000640E-7	9.951515E+9	0.000000E+0	0.000000E+0	0.000000E+0	0.000000E+0	0.000000E+0	0.000000E+0	0.000000	0.000000	0.000000	0.000000	0.000000	0.000000	0.000000	0.000000
3/31/2015	7:26:14 PM	0.000000E+0	0.000000E+0	0.000000E+0	-9.999560E+2	-1.001798E-7	1.001760E+10	0.000000E+0	0.000000E+0	0.000000E+0	0.000000E+0	0.000000E+0	0.000000E+0	0.000000	0.000000	0.000000	0.000000	0.000000	0.000000	0.000000	0.000000
3/31/2015	7:27:14 PM	0.000000E+0	0.000000E+0	0.000000E+0	-9.999554E+2	-1.004419E-7	1.002575E+10	0.000000E+0	0.000000E+0	0.000000E+0	0.000000E+0	0.000000E+0	0.000000E+0	0.000000	0.000000	0.000000	0.000000	0.000000	0.000000	0.000000	0.000000
3/31/2015	7:28:14 PM	0.000000E+0	0.000000E+0	0.000000E+0	-9.999558E+2	-1.000642E-7	9.987806E+9	0.000000E+0	0.000000E+0	0.000000E+0	0.000000E+0	0.000000E+0	0.000000E+0	0.000000	0.000000	0.000000	0.000000	0.000000	0.000000	0.000000	0.000000
3/31/2015	7:29:14 PM	0.000000E+0	0.000000E+0	0.000000E+0	-9.999554E+2	-9.996594E-8	1.005026E+10	0.000000E+0	0.000000E+0	0.000000E+0	0.000000E+0	0.000000E+0	0.000000E+0	0.000000	0.000000	0.000000	0.000000	0.000000	0.000000	0.000000	0.000000
3/31/2015	7:30:14 PM	0.000000E+0	0.000000E+0	0.000000E+0	-9.999559E+2	-1.002557E-7	9.969323E+9	0.000000E+0	0.000000E+0	0.000000E+0	0.000000E+0	0.000000E+0	0.000000E+0	0.000000	0.000000	0.000000	0.000000	0.000000	0.000000	0.000000	0.000000
3/31/2015	7:31:14 PM	0.000000E+0	0.000000E+0	0.000000E+0	-9.999561E+2	-1.004444E-7	1.006714E+10	0.000000E+0	0.000000E+0	0.000000E+0	0.000000E+0	0.000000E+0	0.000000E+0	0.000000	0.000000	0.000000	0.000000	0.000000	0.000000	0.000000	0.000000
3/31/2015	7:32:14 PM	0.000000E+0	0.000000E+0	0.000000E+0	-9.999555E+2	-9.889228E-8	1.004433E+10	0.000000E+0	0.000000E+0	0.000000E+0	0.000000E+0	0.000000E+0	0.000000E+0	0.000000	0.000000	0.000000	0.000000	0.000000	0.000000	0.000000	0.000000
3/31/2015	7:33:14 PM	0.000000E+0	0.000000E+0	0.000000E+0	-9.999555E+2	-9.831945E-8	1.017072E+10	0.000000E+0	0.000000E+0	0.000000E+0	0.000000E+0	0.000000E+0	0.000000E+0	0.000000	0.000000	0.000000	0.000000	0.000000	0.000000	0.000000	0.000000
3/31/2015	7:34:14 PM	0.000000E+0	0.000000E+0	0.000000E+0	-9.999557E+2	-9.952956E-8	1.007064E+10	0.000000E+0	0.000000E+0	0.000000E+0	0.000000E+0	0.000000E+0	0.000000E+0	0.000000	0.000000	0.000000	0.000000	0.000000	0.000000	0.000000	0.000000
3/31/2015	7:35:14 PM	0.000000E+0	0.000000E+0	0.000000E+0	-9.999552E+2	-9.963465E-8	1.000425E+10	0.000000E+0	0.000000E+0	0.000000E+0	0.000000E+0	0.000000E+0	0.000000E+0	0.000000	0.000000	0.000000	0.000000	0.000000	0.000000	0.000000	0.000000
3/31/2015	7:36:14 PM	0.000000E+0	0.000000E+0	0.000000E+0	-9.999557E+2	-9.949903E-8	1.008072E+10	0.000000E+0	0.000000E+0	0.000000E+0	0.000000E+0	0.000000E+0	0.000000E+0	0.000000	0.000000	0.000000	0.000000	0.000000	0.000000	0.000000	0.000000
3/31/2015	7:37:14 PM	0.000000E+0	0.000000E+0	0.000000E+0	-9.999558E+2	-9.920538E-8	1.001791E+10	0.000000E+0	0.000000E+0	0.000000E+0	0.000000E+0	0.000000E+0	0.000000E+0	0.000000	0.000000	0.000000	0.000000	0.000000	0.000000	0.000000	0.000000
3/31/2015	7:38:14 PM	0.000000E+0	0.000000E+0	0.000000E+0	-9.999553E+2	-1.001547E-7	9.983325E+9	0.000000E+0	0.000000E+0	0.000000E+0	0.000000E+0	0.000000E+0	0.000000E+0	0.000000	0.000000	0.000000	0.000000	0.000000	0.000000	0.000000	0.000000
3/31/2015	7:39:14 PM	0.000000E+0	0.000000E+0	0.000000E+0	-9.999562E+2	-9.986503E-8	1.003754E+10	0.000000E+0	0.000000E+0	0.000000E+0	0.000000E+0	0.000000E+0	0.000000E+0	0.000000	0.000000	0.000000	0.000000	0.000000	0.000000	0.000000	0.000000
3/31/2015	7:40:14 PM	0.000000E+0	0.000000E+0	0.000000E+0	-9.999553E+2	-1.005181E-7	1.001166E+10	0.000000E+0	0.000000E+0	0.000000E+0	0.000000E+0	0.000000E+0	0.000000E+0	0.000000	0.000000	0.000000	0.000000	0.000000	0.000000	0.000000	0.000000
3/31/2015	7:41:14 PM	0.000000E+0	0.000000E+0	0.000000E+0	-9.999559E+2	-9.993146E-8	1.000235E+10	0.000000E+0	0.000000E+0	0.000000E+0	0.000000E+0	0.000000E+0	0.000000E+0	0.000000	0.000000	0.000000	0.000000	0.000000	0.000000	0.000000	0.000000
3/31/2015	7:42:14 PM	0.000000E+0	0.000000E+0	0.000000E+0	-9.999557E+2	-9.990041E-8	9.961465E+9	0.000000E+0	0.000000E+0	0.000000E+0	0.000000E+0	0.000000E+0	0.000000E+0	0.000000	0.000000	0.000000	0.000000	0.000000	0.000000	0.000000	0.000000
3/31/2015	7:43:14 PM	0.000000E+0	0.000000E+0	0.000000E+0	-9.999557E+2	-9.907474E-8	1.003672E+10	0.000000E+0	0.000000E+0	0.000000E+0	0.000000E+0	0.000000E+0	0.000000E+0	0.000000	0.000000	0.000000	0.000000	0.000000	0.000000	0.000000	0.000000
3/31/2015	7:44:14 PM	0.000000E+0	0.000000E+0	0.000000E+0	-9.999557E+2	-1.004050E-7	1.003283E+10	0.000000E+0	0.000000E+0	0.000000E+0	0.000000E+0	0.000000E+0	0.000000E+0	0.000000	0.000000	0.000000	0.000000	0.000000	0.000000	0.000000	0.000000
3/31/2015	7:45:14 PM	0.000000E+0	0.000000E+0	0.000000E+0	-9.999554E+2	-9.976343E-8	1.003076E+10	0.000000E+0	0.000000E+0	0.000000E+0	0.000000E+0	0.000000E+0	0.000000E+0	0.000000	0.000000	0.000000	0.000000	0.000000	0.000000	0.000000	0.000000
3/31/2015	7:46:14 PM	0.000000E+0	0.000000E+0	0.000000E+0	-9.999545E+2	-1.000369E-7	1.001752E+10	0.000000E+0	0.000000E+0	0.000000E+0	0.000000E+0	0.000000E+0	0.000000E+0	0.000000	0.000000	0.000000	0.000000	0.000000	0.000000	0.000000	0.000000
3/31/2015	7:47:14 PM	0.000000E+0	0.000000E+0	0.000000E+0	-9.999552E+2	-9.931965E-8	1.006307E+10	0.000000E+0	0.000000E+0	0.000000E+0	0.000000E+0	0.000000E+0	0.000000E+0	0.000000	0.000000	0.000000	0.000000	0.000000	0.000000	0.000000	0.000000
3/31/2015	7:48:14 PM	0.000000E+0	0.000000E+0	0.000000E+0	-9.999553E+2	-9.898623E-8	1.012783E+10	0.000000E+0	0.000000E+0	0.000000E+0	0.000000E+0	0.000000E+0	0.000000E+0	0.000000	0.000000	0.000000	0.000000	0.000000	0.000000	0.000000	0.000000
3/31/2015	7:49:14 PM	0.000000E+0	0.000000E+0	0.000000E+0	-9.999553E+2	-9.912520E-8	1.002187E+10	0.000000E+0	0.000000E+0	0.000000E+0	0.000000E+0	0.000000E+0	0.000000E+0	0.000000	0.000000	0.000000	0.000000	0.000000	0.000000	0.000000	0.000000
3/31/2015	7:50:14 PM	0.000000E+0	0.000000E+0	0.000000E+0	-9.999556E+2	-9.994508E-8	9.983442E+9	0.000000E+0	0.000000E+0	0.000000E+0	0.000000E+0	0.000000E+0	0.000000E+0	0.000000	0.000000	0.000000	0.000000	0.000000	0.000000	0.000000	0.000000
3/31/2015	7:51:14 PM	0.000000E+0	0.000000E+0	0.000000E+0	-9.999550E+2	-9.953924E-8	1.008042E+10	0.000000E+0	0.000000E+0	0.000000E+0	0.000000E+0	0.000000E+0	0.000000E+0	0.000000	0.000000	0.000000	0.000000	0.000000	0.000000	0.000000	0.000000
3/31/2015	7:52:14 PM	0.000000E+0	0.000000E+0	0.000000E+0	-9.999553E+2	-1.033636E-7	9.712251E+9	0.000000E+0	0.000000E+0	0.000000E+0	0.000000E+0	0.000000E+0	0.000000E+0	0.000000	0.000000	0.000000	0.000000	0.000000	0.000000	0.000000	0.000000
3/31/2015	7:53:14 PM	0.000000E+0	0.000000E+0	0.000000E+0	-9.999552E+2	-9.954610E-8	1.005561E+10	0.000000E+0	0.000000E+0	0.000000E+0	0.000000E+0	0.000000E+0	0.000000E+0	0.000000	0.000000	0.000000	0.000000	0.000000	0.000000	0.000000	0.000000
3/31/2015	7:54:14 PM	0.000000E+0	0.000000E+0	0.000000E+0	-9.999550E+2	-9.913089E-8	1.009350E+10	0.000000E+0	0.000000E+0	0.000000E+0	0.000000E+0	0.000000E+0	0.000000E+0	0.000000	0.000000	0.000000	0.000000	0.000000	0.000000	0.000000	0.000000
3/31/2015	7:55:14 PM	0.000000E+0	0.000000E+0	0.000000E+0	-9.999553E+2	-9.941028E-8	1.009120E+10	0.000000E+0	0.000000E+0	0.000000E+0	0.000000E+0	0.000000E+0	0.000000E+0	0.000000	0.000000	0.000000	0.000000	0.000000	0.000000	0.000000	0.000000
3/31/2015	7:56:14 PM	0.000000E+0	0.000000E+0	0.000000E+0	-9.999560E+2	-1.000215E-7	1.004115E+10	0.000000E+0	0.000000E+0	0.000000E+0	0.000000E+0	0.000000E+0	0.000000E+0	0.000000	0.000000	0.000000	0.000000	0.000000	0.000000	0.000000	0.000000
3/31/2015	7:57:14 PM	0.000000E+0	0.000000E+0	0.000000E+0	-9.999552E+2	-9.881410E-8	1.010476E+10	0.000000E+0	0.000000E+0	0.000000E+0	0.000000E+0	0.000000E+0	0.000000E+0	0.000000	0.000000	0.000000	0.000000	0.000000	0.000000	0.000000	0.000000
3/31/2015	7:58:14 PM	0.000000E+0	0.000000E+0	0.000000E+0	-9.999552E+2	-9.900631E-8	1.006048E+10	0.000000E+0	0.000000E+0	0.000000E+0	0.000000E+0	0.000000E+0	0.000000E+0	0.000000	0.000000	0.000000	0.000000	0.000000	0.000000	0.000000	0.000000
3/31/2015	7:59:14 PM	0.000000E+0	0.000000E+0	0.000000E+0	-9.999556E+2	-9.920541E-8	1.011568E+10	0.000000E+0	0.000000E+0	0.000000E+0	0.000000E+0	0.000000E+0	0.000000E+0	0.000000	0.000000	0.000000	0.000000	0.000000	0.000000	0.000000	0.000000
3/31/2015	8:00:14 PM	0.000000E+0	0.000000E+0	0.000000E+0	-9.999554E+2	-9.967550E-8	1.006994E+10	0.000000E+0	0.000000E+0	0.000000E+0	0.000000E+0	0.000000E+0	0.000000E+0	0.000000	0.000000	0.000000	0.000000	0.000000	0.000000	0.000000	0.000000
3/31/2015	8:00:24 PM	0.000000E+0	0.000000E+0	0.000000E+0	0.000000E+0	0.000000E+0	0.000000E+0	0.000000E+0	0.000000E+0	0.000000E+0	0.000000E+0	0.000000E+0	0.000000E+0	0.000000	0.000000	0.000000	0.000000	0.000000	0.000000	0.000000	0.000000
3/31/2015	8:00:26 PM	0.000000E+0	0.000000E+0	0.000000E+0	0.000000E+0	0.000000E+0	0.000000E+0	0.000000E+0	0.000000E+0	0.000000E+0	0.000000E+0	0.000000E+0	0.000000E+0	0.000000	0.000000	0.000000	0.000000	0.000000	0.000000	0.000000	0.000000
3/31/2015	8:00:27 PM	0.000000E+0	0.000000E+0	0.000000E+0	0.000000E+0	0.000000E+0	0.000000E+0	0.000000E+0	0.000000E+0	0.000000E+0	0.000000E+0	0.000000E+0	0.000000E+0	0.000000	0.000000	0.000000	0.000000	0.000000	0.000000	0.000000	0.000000
3/31/2015	8:00:28 PM	0.000000E+0	0.000000E+0	0.000000E+0	1.609620E-2	1.000316E+0	1.606299E-2	0.000000E+0	0.000000E+0	0.000000E+0	0.000000E+0	0.000000E+0	0.000000E+0	0.000000	0.000000	0.000000	0.000000	0.000000	0.000000	0.000000	0.000000
3/31/2015	8:00:29 PM	0.000000E+0	0.000000E+0	0.000000E+0	1.609620E-2	1.000316E+0	1.606299E-2	0.000000E+0	0.000000E+0	0.000000E+0	0.000000E+0	0.000000E+0	0.000000E+0	0.000000	0.000000	0.000000	0.000000	0.000000	0.000000	0.000000	0.000000
3/31/2015	8:00:30 PM	0.000000E+0	0.000000E+0	0.000000E+0	1.606795E-2	1.000315E+0	1.605188E-2	0.000000E+0	0.000000E+0	0.000000E+0	0.000000E+0	0.000000E+0	0.000000E+0	0.000000	0.000000	0.000000	0.000000	0.000000	0.000000	0.000000	0.000000
3/31/2015	8:00:31 PM	0.000000E+0	0.000000E+0	0.000000E+0	1.606795E-2	1.000315E+0	1.605188E-2	0.000000E+0	0.000000E+0	0.000000E+0	0.000000E+0	0.000000E+0	0.000000E+0	0.000000	0.000000	0.000000	0.000000	0.000000	0.000000	0.000000	0.000000
3/31/2015	8:00:32 PM	0.000000E+0	0.000000E+0	0.000000E+0	1.602968E-2	1.000314E+0	1.605174E-2	0.000000E+0	0.000000E+0	0.000000E+0	0.000000E+0	0.000000E+0	0.000000E+0	0.000000	0.000000	0.000000	0.000000	0.000000	0.000000	0.000000	0.000000
3/31/2015	8:00:33 PM	0.000000E+0	0.000000E+0	0.000000E+0	1.605019E-2	1.000311E+0	1.604985E-2	0.000000E+0	0.000000E+0	0.000000E+0	0.000000E+0	0.000000E+0	0.000000E+0	0.000000	0.000000	0.000000	0.000000	0.000000	0.000000	0.000000	0.000000
3/31/2015	8:00:34 PM	0.000000E+0	0.000000E+0	0.000000E+0	1.605019E-2	1.000311E+0	1.604985E-2	0.000000E+0	0.000000E+0	0.000000E+0	0.000000E+0	0.000000E+0	0.000000E+0	0.000000	0.000000	0.000000	0.000000	0.000000	0.000000	0.000000	0.000000
3/31/2015	8:00:35 PM	0.000000E+0	0.000000E+0	0.000000E+0	1.603846E-2	1.000313E+0	1.605830E-2	0.000000E+0	0.000000E+0	0.000000E+0	0.000000E+0	0.000000E+0	0.000000E+0	0.000000	0.000000	0.000000	0.000000	0.000000	0.000000	0.000000	0.000000
3/31/2015	8:00:36 PM	0.000000E+0	0.000000E+0	0.000000E+0	1.603846E-2	1.000313E+0	1.605830E-2	0.000000E+0	0.000000E+0	0.000000E+0	0.000000E+0	0.000000E+0	0.000000E+0	0.000000	0.000000	0.000000	0.000000	0.000000	0.000000	0.000000	0.000000
3/31/2015	8:00:37 PM	0.000000E+0	0.000000E+0	0.000000E+0	1.605283E-2	1.000312E+0	1.605096E-2	0.000000E+0	0.000000E+0	0.000000E+0	0.000000E+0	0.000000E+0	0.000000E+0	0.000000	0.000000	0.000000	0.000000	0.000000	0.000000	0.000000	0.000000
3/31/2015	8:00:38 PM	0.000000E+0	0.000000E+0	0.000000E+0	1.605283E-2	1.000312E+0	1.605096E-2	0.000000E+0	0.000000E+0	0.000000E+0	0.000000E+0	0.000000E+0	0.000000E+0	0.000000	0.000000	0.000000	0.000000	0.000000	0.000000	0.000000	0.000000
3/31/2015	8:00:39 PM	0.000000E+0	0.000000E+0	0.000000E+0	1.606004E-2	1.000311E+0	1.605453E-2	0.000000E+0	0.000000E+0	0.000000E+0	0.000000E+0	0.000000E+0	0.000000E+0	0.000000	0.000000	0.000000	0.000000	0.000000	0.000000	0.000000	0.000000
3/31/2015	8:00:40 PM	0.000000E+0	0.000000E+0	0.000000E+0	1.605872E-2	1.000313E+0	1.605566E-2	0.000000E+0	0.000000E+0	0.000000E+0	0.000000E+0	0.000000E+0	0.000000E+0	0.000000	0.000000	0.000000	0.000000	0.000000	0.000000	0.000000	0.000000
3/31/2015	8:00:41 PM	0.000000E+0	0.000000E+0	0.000000E+0	1.605872E-2	1.000313E+0	1.605566E-2	0.000000E+0	0.000000E+0	0.000000E+0	0.000000E+0	0.000000E+0	0.000000E+0	0.000000	0.000000	0.000000	0.000000	0.000000	0.000000	0.000000	0.000000
3/31/2015	8:00:42 PM	0.000000E+0	0.000000E+0	0.000000E+0	1.606403E-2	1.000310E+0	1.605385E-2	0.000000E+0	0.000000E+0	0.000000E+0	0.000000E+0	0.000000E+0	0.000000E+0	0.000000	0.000000	0.000000	0.000000	0.000000	0.000000	0.000000	0.000000
3/31/2015	8:00:43 PM	0.000000E+0	0.000000E+0	0.000000E+0	1.606403E-2	1.000310E+0	1.605385E-2	0.000000E+0	0.000000E+0	0.000000E+0	0.000000E+0	0.000000E+0	0.000000E+0	0.000000	0.000000	0.000000	0.000000	0.000000	0.000000	0.000000	0.000000
3/31/2015	8:00:44 PM	0.000000E+0	0.000000E+0	0.000000E+0	1.605709E-2	1.000308E+0	1.605345E-2	0.000000E+0	0.000000E+0	0.000000E+0	0.000000E+0	0.000000E+0	0.000000E+0	0.000000	0.000000	0.000000	0.000000	0.000000	0.000000	0.000000	0.000000
3/31/2015	8:00:45 PM	0.000000E+0	0.000000E+0	0.000000E+0	1.605709E-2	1.000308E+0	1.605345E-2	0.000000E+0	0.000000E+0	0.000000E+0	0.000000E+0	0.000000E+0	0.000000E+0	0.000000	0.000000	0.000000	0.000000	0.000000	0.000000	0.000000	0.000000
3/31/2015	8:00:46 PM	0.000000E+0	0.000000E+0	0.000000E+0	1.606097E-2	1.000306E+0	1.605206E-2	0.000000E+0	0.000000E+0	0.000000E+0	0.000000E+0	0.000000E+0	0.000000E+0	0.000000	0.000000	0.000000	0.000000	0.000000	0.000000	0.000000	0.000000
3/31/2015	8:00:47 PM	0.000000E+0	0.000000E+0	0.000000E+0	1.606298E-2	1.000309E+0	1.605576E-2	0.000000E+0	0.000000E+0	0.000000E+0	0.000000E+0	0.000000E+0	0.000000E+0	0.000000	0.000000	0.000000	0.000000	0.000000	0.000000	0.000000	0.000000
3/31/2015	8:00:48 PM	0.000000E+0	0.000000E+0	0.000000E+0	1.606298E-2	1.000309E+0	1.605576E-2	0.000000E+0	0.000000E+0	0.000000E+0	0.000000E+0	0.000000E+0	0.000000E+0	0.000000	0.000000	0.000000	0.000000	0.000000	0.000000	0.000000	0.000000
3/31/2015	8:00:49 PM	0.000000E+0	0.000000E+0	0.000000E+0	1.606043E-2	1.000303E+0	1.606132E-2	0.000000E+0	0.000000E+0	0.000000E+0	0.000000E+0	0.000000E+0	0.000000E+0	0.000000	0.000000	0.000000	0.000000	0.000000	0.000000	0.000000	0.000000
3/31/2015	8:00:50 PM	0.000000E+0	0.000000E+0	0.000000E+0	1.606043E-2	1.000303E+0	1.606132E-2	0.000000E+0	0.000000E+0	0.000000E+0	0.000000E+0	0.000000E+0	0.000000E+0	0.000000	0.000000	0.000000	0.000000	0.000000	0.000000	0.000000	0.000000
3/31/2015	8:00:51 PM	0.000000E+0	0.000000E+0	0.000000E+0	1.606157E-2	1.000306E+0	1.605483E-2	0.000000E+0	0.000000E+0	0.000000E+0	0.000000E+0	0.000000E+0	0.000000E+0	0.000000	0.000000	0.000000	0.000000	0.000000	0.000000	0.000000	0.000000
3/31/2015	8:00:52 PM	0.000000E+0	0.000000E+0	0.000000E+0	1.606157E-2	1.000306E+0	1.605483E-2	0.000000E+0	0.000000E+0	0.000000E+0	0.000000E+0	0.000000E+0	0.000000E+0	0.000000	0.000000	0.000000	0.000000	0.000000	0.000000	0.000000	0.000000
3/31/2015	8:00:53 PM	0.000000E+0	0.000000E+0	0.000000E+0	1.605895E-2	1.000305E+0	1.605221E-2	0.000000E+0	0.000000E+0	0.000000E+0	0.000000E+0	0.000000E+0	0.000000E+0	0.000000	0.000000	0.000000	0.000000	0.000000	0.000000	0.000000	0.000000
3/31/2015	8:00:54 PM	0.000000E+0	0.000000E+0	0.000000E+0	1.606573E-2	1.000305E+0	1.606054E-2	0.000000E+0	0.000000E+0	0.000000E+0	0.000000E+0	0.000000E+0	0.000000E+0	0.000000	0.000000	0.000000	0.000000	0.000000	0.000000	0.000000	0.000000
3/31/2015	8:00:55 PM	0.000000E+0	0.000000E+0	0.000000E+0	1.606573E-2	1.000305E+0	1.606054E-2	0.000000E+0	0.000000E+0	0.000000E+0	0.000000E+0	0.000000E+0	0.000000E+0	0.000000	0.000000	0.000000	0.000000	0.000000	0.000000	0.000000	0.000000
3/31/2015	8:00:56 PM	0.000000E+0	0.000000E+0	0.000000E+0	1.606379E-2	1.000303E+0	1.605533E-2	0.000000E+0	0.000000E+0	0.000000E+0	0.000000E+0	0.000000E+0	0.000000E+0	0.000000	0.000000	0.000000	0.000000	0.000000	0.000000	0.000000	0.000000
3/31/2015	8:00:57 PM	0.000000E+0	0.000000E+0	0.000000E+0	1.606379E-2	1.000303E+0	1.605533E-2	0.000000E+0	0.000000E+0	0.000000E+0	0.000000E+0	0.000000E+0	0.000000E+0	0.000000	0.000000	0.000000	0.000000	0.000000	0.000000	0.000000	0.000000
3/31/2015	8:00:58 PM	0.000000E+0	0.000000E+0	0.000000E+0	1.605861E-2	1.000301E+0	1.605850E-2	0.000000E+0	0.000000E+0	0.000000E+0	0.000000E+0	0.000000E+0	0.000000E+0	0.000000	0.000000	0.000000	0.000000	0.000000	0.000000	0.000000	0.000000
3/31/2015	8:00:59 PM	0.000000E+0	0.000000E+0	0.000000E+0	1.605861E-2	1.000301E+0	1.605850E-2	0.000000E+0	0.000000E+0	0.000000E+0	0.000000E+0	0.000000E+0	0.000000E+0	0.000000	0.000000	0.000000	0.000000	0.000000	0.000000	0.000000	0.000000
3/31/2015	8:01:00 PM	0.000000E+0	0.000000E+0	0.000000E+0	1.606430E-2	1.000299E+0	1.605867E-2	0.000000E+0	0.000000E+0	0.000000E+0	0.000000E+0	0.000000E+0	0.000000E+0	0.000000	0.000000	0.000000	0.000000	0.000000	0.000000	0.000000	0.000000
3/31/2015	8:01:01 PM	0.000000E+0	0.000000E+0	0.000000E+0	1.606430E-2	1.000299E+0	1.605867E-2	0.000000E+0	0.000000E+0	0.000000E+0	0.000000E+0	0.000000E+0	0.000000E+0	0.000000	0.000000	0.000000	0.000000	0.000000	0.000000	0.000000	0.000000
3/31/2015	8:01:02 PM	0.000000E+0	0.000000E+0	0.000000E+0	1.606474E-2	1.000298E+0	1.605675E-2	0.000000E+0	0.000000E+0	0.000000E+0	0.000000E+0	0.000000E+0	0.000000E+0	0.000000	0.000000	0.000000	0.000000	0.000000	0.000000	0.000000	0.000000
3/31/2015	8:01:03 PM	0.000000E+0	0.000000E+0	0.000000E+0	1.606474E-2	1.000298E+0	1.605675E-2	0.000000E+0	0.000000E+0	0.000000E+0	0.000000E+0	0.000000E+0	0.000000E+0	0.000000	0.000000	0.000000	0.000000	0.000000	0.000000	0.000000	0.000000
3/31/2015	8:01:04 PM	0.000000E+0	0.000000E+0	0.000000E+0	1.606302E-2	1.000298E+0	1.605903E-2	0.000000E+0	0.000000E+0	0.000000E+0	0.000000E+0	0.000000E+0	0.000000E+0	0.000000	0.000000	0.000000	0.000000	0.000000	0.000000	0.000000	0.000000
3/31/2015	8:01:05 PM	0.000000E+0	0.000000E+0	0.000000E+0	1.606339E-2	1.000295E+0	1.606523E-2	0.000000E+0	0.000000E+0	0.000000E+0	0.000000E+0	0.000000E+0	0.000000E+0	0.000000	0.000000	0.000000	0.000000	0.000000	0.000000	0.000000	0.000000
3/31/2015	8:01:06 PM	0.000000E+0	0.000000E+0	0.000000E+0	1.606339E-2	1.000295E+0	1.606523E-2	0.000000E+0	0.000000E+0	0.000000E+0	0.000000E+0	0.000000E+0	0.000000E+0	0.000000	0.000000	0.000000	0.000000	0.000000	0.000000	0.000000	0.000000
3/31/2015	8:01:07 PM	0.000000E+0	0.000000E+0	0.000000E+0	1.606885E-2	1.000295E+0	1.606517E-2	0.000000E+0	0.000000E+0	0.000000E+0	0.000000E+0	0.000000E+0	0.000000E+0	0.000000	0.000000	0.000000	0.000000	0.000000	0.000000	0.000000	0.000000
3/31/2015	8:01:08 PM	0.000000E+0	0.000000E+0	0.000000E+0	1.606885E-2	1.000295E+0	1.606517E-2	0.000000E+0	0.000000E+0	0.000000E+0	0.000000E+0	0.000000E+0	0.000000E+0	0.000000	0.000000	0.000000	0.000000	0.000000	0.000000	0.000000	0.000000
3/31/2015	8:01:09 PM	0.000000E+0	0.000000E+0	0.000000E+0	1.605986E-2	1.000296E+0	1.606008E-2	0.000000E+0	0.000000E+0	0.000000E+0	0.000000E+0	0.000000E+0	0.000000E+0	0.000000	0.000000	0.000000	0.000000	0.000000	0.000000	0.000000	0.000000
3/31/2015	8:01:10 PM	0.000000E+0	0.000000E+0	0.000000E+0	1.605986E-2	1.000296E+0	1.606008E-2	0.000000E+0	0.000000E+0	0.000000E+0	0.000000E+0	0.000000E+0	0.000000E+0	0.000000	0.000000	0.000000	0.000000	0.000000	0.000000	0.000000	0.000000
3/31/2015	8:01:11 PM	0.000000E+0	0.000000E+0	0.000000E+0	1.606604E-2	1.000294E+0	1.606220E-2	0.000000E+0	0.000000E+0	0.000000E+0	0.000000E+0	0.000000E+0	0.000000E+0	0.000000	0.000000	0.000000	0.000000	0.000000	0.000000	0.000000	0.000000
3/31/2015	8:01:12 PM	0.000000E+0	0.000000E+0	0.000000E+0	1.606966E-2	1.000292E+0	1.605987E-2	0.000000E+0	0.000000E+0	0.000000E+0	0.000000E+0	0.000000E+0	0.000000E+0	0.000000	0.000000	0.000000	0.000000	0.000000	0.000000	0.000000	0.000000
3/31/2015	8:01:13 PM	0.000000E+0	0.000000E+0	0.000000E+0	1.606966E-2	1.000292E+0	1.605987E-2	0.000000E+0	0.000000E+0	0.000000E+0	0.000000E+0	0.000000E+0	0.000000E+0	0.000000	0.000000	0.000000	0.000000	0.000000	0.000000	0.000000	0.000000
3/31/2015	8:01:14 PM	0.000000E+0	0.000000E+0	0.000000E+0	1.605671E-2	1.000290E+0	1.606815E-2	0.000000E+0	0.000000E+0	0.000000E+0	0.000000E+0	0.000000E+0	0.000000E+0	0.000000	0.000000	0.000000	0.000000	0.000000	0.000000	0.000000	0.000000
3/31/2015	8:01:15 PM	0.000000E+0	0.000000E+0	0.000000E+0	1.605671E-2	1.000290E+0	1.606815E-2	0.000000E+0	0.000000E+0	0.000000E+0	0.000000E+0	0.000000E+0	0.000000E+0	0.000000	0.000000	0.000000	0.000000	0.000000	0.000000	0.000000	0.000000
3/31/2015	8:01:16 PM	0.000000E+0	0.000000E+0	0.000000E+0	1.603024E-2	1.000290E+0	1.604748E-2	0.000000E+0	0.000000E+0	0.000000E+0	0.000000E+0	0.000000E+0	0.000000E+0	0.000000	0.000000	0.000000	0.000000	0.000000	0.000000	0.000000	0.000000
3/31/2015	8:01:17 PM	0.000000E+0	0.000000E+0	0.000000E+0	1.603024E-2	1.000290E+0	1.604748E-2	0.000000E+0	0.000000E+0	0.000000E+0	0.000000E+0	0.000000E+0	0.000000E+0	0.000000	0.000000	0.000000	0.000000	0.000000	0.000000	0.000000	0.000000
3/31/2015	8:01:18 PM	0.000000E+0	0.000000E+0	0.000000E+0	1.605856E-2	1.000286E+0	1.603762E-2	0.000000E+0	0.000000E+0	0.000000E+0	0.000000E+0	0.000000E+0	0.000000E+0	0.000000	0.000000	0.000000	0.000000	0.000000	0.000000	0.000000	0.000000
3/31/2015	8:01:19 PM	0.000000E+0	0.000000E+0	0.000000E+0	1.606220E-2	1.000287E+0	1.605444E-2	0.000000E+0	0.000000E+0	0.000000E+0	0.000000E+0	0.000000E+0	0.000000E+0	0.000000	0.000000	0.000000	0.000000	0.000000	0.000000	0.000000	0.000000
3/31/2015	8:01:20 PM	0.000000E+0	0.000000E+0	0.000000E+0	1.606220E-2	1.000287E+0	1.605444E-2	0.000000E+0	0.000000E+0	0.000000E+0	0.000000E+0	0.000000E+0	0.000000E+0	0.000000	0.000000	0.000000	0.000000	0.000000	0.000000	0.000000	0.000000
3/31/2015	8:01:21 PM	0.000000E+0	0.000000E+0	0.000000E+0	1.606550E-2	1.000286E+0	1.606068E-2	0.000000E+0	0.000000E+0	0.000000E+0	0.000000E+0	0.000000E+0	0.000000E+0	0.000000	0.000000	0.000000	0.000000	0.000000	0.000000	0.000000	0.000000
3/31/2015	8:01:22 PM	0.000000E+0	0.000000E+0	0.000000E+0	1.606550E-2	1.000286E+0	1.606068E-2	0.000000E+0	0.000000E+0	0.000000E+0	0.000000E+0	0.000000E+0	0.000000E+0	0.000000	0.000000	0.000000	0.000000	0.000000	0.000000	0.000000	0.000000
3/31/2015	8:01:23 PM	0.000000E+0	0.000000E+0	0.000000E+0	1.606611E-2	1.000286E+0	1.606163E-2	0.000000E+0	0.000000E+0	0.000000E+0	0.000000E+0	0.000000E+0	0.000000E+0	0.000000	0.000000	0.000000	0.000000	0.000000	0.000000	0.000000	0.000000
3/31/2015	8:01:24 PM	0.000000E+0	0.000000E+0	0.000000E+0	1.606611E-2	1.000286E+0	1.606163E-2	0.000000E+0	0.000000E+0	0.000000E+0	0.000000E+0	0.000000E+0	0.000000E+0	0.000000	0.000000	0.000000	0.000000	0.000000	0.000000	0.000000	0.000000
3/31/2015	8:01:25 PM	0.000000E+0	0.000000E+0	0.000000E+0	1.606780E-2	1.000285E+0	1.606140E-2	0.000000E+0	0.000000E+0	0.000000E+0	0.000000E+0	0.000000E+0	0.000000E+0	0.000000	0.000000	0.000000	0.000000	0.000000	0.000000	0.000000	0.000000
3/31/2015	8:01:26 PM	0.000000E+0	0.000000E+0	0.000000E+0	1.606689E-2	1.000283E+0	1.606102E-2	0.000000E+0	0.000000E+0	0.000000E+0	0.000000E+0	0.000000E+0	0.000000E+0	0.000000	0.000000	0.000000	0.000000	0.000000	0.000000	0.000000	0.000000
3/31/2015	8:02:26 PM	0.000000E+0	0.000000E+0	0.000000E+0	-9.999579E+2	-1.017132E-7	9.872703E+9	0.000000E+0	0.000000E+0	0.000000E+0	0.000000E+0	0.000000E+0	0.000000E+0	0.000000	0.000000	0.000000	0.000000	0.000000	0.000000	0.000000	0.000000
3/31/2015	8:03:26 PM	0.000000E+0	0.000000E+0	0.000000E+0	-9.999566E+2	-1.011942E-7	9.936077E+9	0.000000E+0	0.000000E+0	0.000000E+0	0.000000E+0	0.000000E+0	0.000000E+0	0.000000	0.000000	0.000000	0.000000	0.000000	0.000000	0.000000	0.000000
3/31/2015	8:04:26 PM	0.000000E+0	0.000000E+0	0.000000E+0	-9.999564E+2	-9.987446E-8	1.006897E+10	0.000000E+0	0.000000E+0	0.000000E+0	0.000000E+0	0.000000E+0	0.000000E+0	0.000000	0.000000	0.000000	0.000000	0.000000	0.000000	0.000000	0.000000
3/31/2015	8:05:26 PM	0.000000E+0	0.000000E+0	0.000000E+0	-9.999548E+2	-9.965159E-8	1.004806E+10	0.000000E+0	0.000000E+0	0.000000E+0	0.000000E+0	0.000000E+0	0.000000E+0	0.000000	0.000000	0.000000	0.000000	0.000000	0.000000	0.000000	0.000000
3/31/2015	8:06:26 PM	0.000000E+0	0.000000E+0	0.000000E+0	-9.999553E+2	-9.949222E-8	9.999673E+9	0.000000E+0	0.000000E+0	0.000000E+0	0.000000E+0	0.000000E+0	0.000000E+0	0.000000	0.000000	0.000000	0.000000	0.000000	0.000000	0.000000	0.000000
3/31/2015	8:07:26 PM	0.000000E+0	0.000000E+0	0.000000E+0	-9.999555E+2	-1.000064E-7	1.005454E+10	0.000000E+0	0.000000E+0	0.000000E+0	0.000000E+0	0.000000E+0	0.000000E+0	0.000000	0.000000	0.000000	0.000000	0.000000	0.000000	0.000000	0.000000
3/31/2015	8:08:26 PM	0.000000E+0	0.000000E+0	0.000000E+0	-9.999556E+2	-9.962387E-8	1.006632E+10	0.000000E+0	0.000000E+0	0.000000E+0	0.000000E+0	0.000000E+0	0.000000E+0	0.000000	0.000000	0.000000	0.000000	0.000000	0.000000	0.000000	0.000000
3/31/2015	8:09:26 PM	0.000000E+0	0.000000E+0	0.000000E+0	-9.999556E+2	-9.978158E-8	1.003608E+10	0.000000E+0	0.000000E+0	0.000000E+0	0.000000E+0	0.000000E+0	0.000000E+0	0.000000	0.000000	0.000000	0.000000	0.000000	0.000000	0.000000	0.000000
3/31/2015	8:10:26 PM	0.000000E+0	0.000000E+0	0.000000E+0	-9.999557E+2	-9.883661E-8	1.005144E+10	0.000000E+0	0.000000E+0	0.000000E+0	0.000000E+0	0.000000E+0	0.000000E+0	0.000000	0.000000	0.000000	0.000000	0.000000	0.000000	0.000000	0.000000
3/31/2015	8:11:26 PM	0.000000E+0	0.000000E+0	0.000000E+0	-9.999555E+2	-9.883662E-8	1.015429E+10	0.000000E+0	0.000000E+0	0.000000E+0	0.000000E+0	0.000000E+0	0.000000E+0	0.000000	0.000000	0.000000	0.000000	0.000000	0.000000	0.000000	0.000000
3/31/2015	8:12:26 PM	0.000000E+0	0.000000E+0	0.000000E+0	-9.999555E+2	-9.882589E-8	1.012788E+10	0.000000E+0	0.000000E+0	0.000000E+0	0.000000E+0	0.000000E+0	0.000000E+0	0.000000	0.000000	0.000000	0.000000	0.000000	0.000000	0.000000	0.000000
3/31/2015	8:13:26 PM	0.000000E+0	0.000000E+0	0.000000E+0	-9.999558E+2	-9.960744E-8	9.989577E+9	0.000000E+0	0.000000E+0	0.000000E+0	0.000000E+0	0.000000E+0	0.000000E+0	0.000000	0.000000	0.000000	0.000000	0.000000	0.000000	0.000000	0.000000
3/31/2015	8:14:26 PM	0.000000E+0	0.000000E+0	0.000000E+0	-9.999553E+2	-9.906330E-8	1.004575E+10	0.000000E+0	0.000000E+0	0.000000E+0	0.000000E+0	0.000000E+0	0.000000E+0	0.000000	0.000000	0.000000	0.000000	0.000000	0.000000	0.000000	0.000000
3/31/2015	8:15:26 PM	0.000000E+0	0.000000E+0	0.000000E+0	-9.999556E+2	-9.942679E-8	1.006900E+10	0.000000E+0	0.000000E+0	0.000000E+0	0.000000E+0	0.000000E+0	0.000000E+0	0.000000	0.000000	0.000000	0.000000	0.000000	0.000000	0.000000	0.000000
3/31/2015	8:16:26 PM	0.000000E+0	0.000000E+0	0.000000E+0	-9.999557E+2	-9.922557E-8	1.005101E+10	0.000000E+0	0.000000E+0	0.000000E+0	0.000000E+0	0.000000E+0	0.000000E+0	0.000000	0.000000	0.000000	0.000000	0.000000	0.000000	0.000000	0.000000
3/31/2015	8:17:26 PM	0.000000E+0	0.000000E+0	0.000000E+0	-9.999561E+2	-9.898957E-8	1.010343E+10	0.000000E+0	0.000000E+0	0.000000E+0	0.000000E+0	0.000000E+0	0.000000E+0	0.000000	0.000000	0.000000	0.000000	0.000000	0.000000	0.000000	0.000000
3/31/2015	8:18:26 PM	0.000000E+0	0.000000E+0	0.000000E+0	-9.999554E+2	-9.967505E-8	1.000107E+10	0.000000E+0	0.000000E+0	0.000000E+0	0.000000E+0	0.000000E+0	0.000000E+0	0.000000	0.000000	0.000000	0.000000	0.000000	0.000000	0.000000	0.000000
3/31/2015	8:19:26 PM	0.000000E+0	0.000000E+0	0.000000E+0	-9.999556E+2	-1.007876E-7	9.898751E+9	0.000000E+0	0.000000E+0	0.000000E+0	0.000000E+0	0.000000E+0	0.000000E+0	0.000000	0.000000	0.000000	0.000000	0.000000	0.000000	0.000000	0.000000
3/31/2015	8:20:26 PM	0.000000E+0	0.000000E+0	0.000000E+0	-9.999559E+2	-1.005069E-7	9.954899E+9	0.000000E+0	0.000000E+0	0.000000E+0	0.000000E+0	0.000000E+0	0.000000E+0	0.000000	0.000000	0.000000	0.000000	0.000000	0.000000	0.000000	0.000000
3/31/2015	8:21:26 PM	0.000000E+0	0.000000E+0	0.000000E+0	-9.999557E+2	-1.009267E-7	9.918628E+9	0.000000E+0	0.000000E+0	0.000000E+0	0.000000E+0	0.000000E+0	0.000000E+0	0.000000	0.000000	0.000000	0.000000	0.000000	0.000000	0.000000	0.000000
3/31/2015	8:22:26 PM	0.000000E+0	0.000000E+0	0.000000E+0	-9.999559E+2	-1.006003E-7	9.956497E+9	0.000000E+0	0.000000E+0	0.000000E+0	0.000000E+0	0.000000E+0	0.000000E+0	0.000000	0.000000	0.000000	0.000000	0.000000	0.000000	0.000000	0.000000
3/31/2015	8:23:26 PM	0.000000E+0	0.000000E+0	0.000000E+0	-9.999557E+2	-1.006393E-7	9.909370E+9	0.000000E+0	0.000000E+0	0.000000E+0	0.000000E+0	0.000000E+0	0.000000E+0	0.000000	0.000000	0.000000	0.000000	0.000000	0.000000	0.000000	0.000000
3/31/2015	8:24:26 PM	0.000000E+0	0.000000E+0	0.000000E+0	-9.999559E+2	-9.975983E-8	1.002806E+10	0.000000E+0	0.000000E+0	0.000000E+0	0.000000E+0	0.000000E+0	0.000000E+0	0.000000	0.000000	0.000000	0.000000	0.000000	0.000000	0.000000	0.000000
3/31/2015	8:25:26 PM	0.000000E+0	0.000000E+0	0.000000E+0	-9.999557E+2	-9.989131E-8	1.002643E+10	0.000000E+0	0.000000E+0	0.000000E+0	0.000000E+0	0.000000E+0	0.000000E+0	0.000000	0.000000	0.000000	0.000000	0.000000	0.000000	0.000000	0.000000
3/31/2015	8:26:26 PM	0.000000E+0	0.000000E+0	0.000000E+0	-9.999554E+2	-9.946581E-8	1.008603E+10	0.000000E+0	0.000000E+0	0.000000E+0	0.000000E+0	0.000000E+0	0.000000E+0	0.000000	0.000000	0.000000	0.000000	0.000000	0.000000	0.000000	0.000000
3/31/2015	8:27:26 PM	0.000000E+0	0.000000E+0	0.000000E+0	-9.999554E+2	-9.999857E-8	1.002635E+10	0.000000E+0	0.000000E+0	0.000000E+0	0.000000E+0	0.000000E+0	0.000000E+0	0.000000	0.000000	0.000000	0.000000	0.000000	0.000000	0.000000	0.000000
3/31/2015	8:28:26 PM	0.000000E+0	0.000000E+0	0.000000E+0	-9.999553E+2	-9.844236E-8	1.009575E+10	0.000000E+0	0.000000E+0	0.000000E+0	0.000000E+0	0.000000E+0	0.000000E+0	0.000000	0.000000	0.000000	0.000000	0.000000	0.000000	0.000000	0.000000
3/31/2015	8:29:26 PM	0.000000E+0	0.000000E+0	0.000000E+0	-9.999556E+2	-9.949876E-8	1.004839E+10	0.000000E+0	0.000000E+0	0.000000E+0	0.000000E+0	0.000000E+0	0.000000E+0	0.000000	0.000000	0.000000	0.000000	0.000000	0.000000	0.000000	0.000000
3/31/2015	8:30:26 PM	0.000000E+0	0.000000E+0	0.000000E+0	-9.999550E+2	-9.881422E-8	1.012314E+10	0.000000E+0	0.000000E+0	0.000000E+0	0.000000E+0	0.000000E+0	0.000000E+0	0.000000	0.000000	0.000000	0.000000	0.000000	0.000000	0.000000	0.000000
3/31/2015	8:31:26 PM	0.000000E+0	0.000000E+0	0.000000E+0	-9.999556E+2	-9.959374E-8	1.004583E+10	0.000000E+0	0.000000E+0	0.000000E+0	0.000000E+0	0.000000E+0	0.000000E+0	0.000000	0.000000	0.000000	0.000000	0.000000	0.000000	0.000000	0.000000
3/31/2015	8:32:26 PM	0.000000E+0	0.000000E+0	0.000000E+0	-9.999553E+2	-9.902456E-8	1.011253E+10	0.000000E+0	0.000000E+0	0.000000E+0	0.000000E+0	0.000000E+0	0.000000E+0	0.000000	0.000000	0.000000	0.000000	0.000000	0.000000	0.000000	0.000000
3/31/2015	8:33:26 PM	0.000000E+0	0.000000E+0	0.000000E+0	-9.999557E+2	-9.929701E-8	1.014215E+10	0.000000E+0	0.000000E+0	0.000000E+0	0.000000E+0	0.000000E+0	0.000000E+0	0.000000	0.000000	0.000000	0.000000	0.000000	0.000000	0.000000	0.000000
3/31/2015	8:34:26 PM	0.000000E+0	0.000000E+0	0.000000E+0	-9.999553E+2	-9.889769E-8	1.006867E+10	0.000000E+0	0.000000E+0	0.000000E+0	0.000000E+0	0.000000E+0	0.000000E+0	0.000000	0.000000	0.000000	0.000000	0.000000	0.000000	0.000000	0.000000
3/31/2015	8:35:26 PM	0.000000E+0	0.000000E+0	0.000000E+0	-9.999557E+2	-9.970955E-8	1.015784E+10	0.000000E+0	0.000000E+0	0.000000E+0	0.000000E+0	0.000000E+0	0.000000E+0	0.000000	0.000000	0.000000	0.000000	0.000000	0.000000	0.000000	0.000000
3/31/2015	8:36:26 PM	0.000000E+0	0.000000E+0	0.000000E+0	-9.999551E+2	-9.932101E-8	1.004128E+10	0.000000E+0	0.000000E+0	0.000000E+0	0.000000E+0	0.000000E+0	0.000000E+0	0.000000	0.000000	0.000000	0.000000	0.000000	0.000000	0.000000	0.000000
3/31/2015	8:37:26 PM	0.000000E+0	0.000000E+0	0.000000E+0	-9.999553E+2	-9.844553E-8	1.015016E+10	0.000000E+0	0.000000E+0	0.000000E+0	0.000000E+0	0.000000E+0	0.000000E+0	0.000000	0.000000	0.000000	0.000000	0.000000	0.000000	0.000000	0.000000
3/31/2015	8:38:27 PM	0.000000E+0	0.000000E+0	0.000000E+0	-9.999555E+2	-9.845864E-8	1.017379E+10	0.000000E+0	0.000000E+0	0.000000E+0	0.000000E+0	0.000000E+0	0.000000E+0	0.000000	0.000000	0.000000	0.000000	0.000000	0.000000	0.000000	0.000000
3/31/2015	8:39:27 PM	0.000000E+0	0.000000E+0	0.000000E+0	-9.999553E+2	-9.852359E-8	1.012669E+10	0.000000E+0	0.000000E+0	0.000000E+0	0.000000E+0	0.000000E+0	0.000000E+0	0.000000	0.000000	0.000000	0.000000	0.000000	0.000000	0.000000	0.000000
3/31/2015	8:40:27 PM	0.000000E+0	0.000000E+0	0.000000E+0	-9.999554E+2	-9.973819E-8	1.005316E+10	0.000000E+0	0.000000E+0	0.000000E+0	0.000000E+0	0.000000E+0	0.000000E+0	0.000000	0.000000	0.000000	0.000000	0.000000	0.000000	0.000000	0.000000
3/31/2015	8:41:27 PM	0.000000E+0	0.000000E+0	0.000000E+0	-9.999554E+2	-9.931515E-8	1.003116E+10	0.000000E+0	0.000000E+0	0.000000E+0	0.000000E+0	0.000000E+0	0.000000E+0	0.000000	0.000000	0.000000	0.000000	0.000000	0.000000	0.000000	0.000000
3/31/2015	8:42:27 PM	0.000000E+0	0.000000E+0	0.000000E+0	-9.999556E+2	-9.898251E-8	1.008274E+10	0.000000E+0	0.000000E+0	0.000000E+0	0.000000E+0	0.000000E+0	0.000000E+0	0.000000	0.000000	0.000000	0.000000	0.000000	0.000000	0.000000	0.000000
3/31/2015	8:43:27 PM	0.000000E+0	0.000000E+0	0.000000E+0	-9.999557E+2	-1.002146E-7	1.002665E+10	0.000000E+0	0.000000E+0	0.000000E+0	0.000000E+0	0.000000E+0	0.000000E+0	0.000000	0.000000	0.000000	0.000000	0.000000	0.000000	0.000000	0.000000
3/31/2015	8:44:27 PM	0.000000E+0	0.000000E+0	0.000000E+0	-9.999557E+2	-9.987488E-8	1.006274E+10	0.000000E+0	0.000000E+0	0.000000E+0	0.000000E+0	0.000000E+0	0.000000E+0	0.000000	0.000000	0.000000	0.000000	0.000000	0.000000	0.000000	0.000000
3/31/2015	8:45:27 PM	0.000000E+0	0.000000E+0	0.000000E+0	-9.999557E+2	-9.984478E-8	1.001334E+10	0.000000E+0	0.000000E+0	0.000000E+0	0.000000E+0	0.000000E+0	0.000000E+0	0.000000	0.000000	0.000000	0.000000	0.000000	0.000000	0.000000	0.000000
3/31/2015	8:46:27 PM	0.000000E+0	0.000000E+0	0.000000E+0	-9.999548E+2	-1.004908E-7	9.988243E+9	0.000000E+0	0.000000E+0	0.000000E+0	0.000000E+0	0.000000E+0	0.000000E+0	0.000000	0.000000	0.000000	0.000000	0.000000	0.000000	0.000000	0.000000
3/31/2015	8:47:27 PM	0.000000E+0	0.000000E+0	0.000000E+0	-9.999554E+2	-1.000650E-7	1.003639E+10	0.000000E+0	0.000000E+0	0.000000E+0	0.000000E+0	0.000000E+0	0.000000E+0	0.000000	0.000000	0.000000	0.000000	0.000000	0.000000	0.000000	0.000000
3/31/2015	8:48:27 PM	0.000000E+0	0.000000E+0	0.000000E+0	-9.999552E+2	-1.003721E-7	9.999989E+9	0.000000E+0	0.000000E+0	0.000000E+0	0.000000E+0	0.000000E+0	0.000000E+0	0.000000	0.000000	0.000000	0.000000	0.000000	0.000000	0.000000	0.000000
3/31/2015	8:49:27 PM	0.000000E+0	0.000000E+0	0.000000E+0	-9.999551E+2	-9.937943E-8	1.006383E+10	0.000000E+0	0.000000E+0	0.000000E+0	0.000000E+0	0.000000E+0	0.000000E+0	0.000000	0.000000	0.000000	0.000000	0.000000	0.000000	0.000000	0.000000
3/31/2015	8:50:27 PM	0.000000E+0	0.000000E+0	0.000000E+0	-9.999556E+2	-9.945227E-8	1.000174E+10	0.000000E+0	0.000000E+0	0.000000E+0	0.000000E+0	0.000000E+0	0.000000E+0	0.000000	0.000000	0.000000	0.000000	0.000000	0.000000	0.000000	0.000000
3/31/2015	8:51:27 PM	0.000000E+0	0.000000E+0	0.000000E+0	-9.999552E+2	-1.000453E-7	9.980931E+9	0.000000E+0	0.000000E+0	0.000000E+0	0.000000E+0	0.000000E+0	0.000000E+0	0.000000	0.000000	0.000000	0.000000	0.000000	0.000000	0.000000	0.000000
3/31/2015	8:52:27 PM	0.000000E+0	0.000000E+0	0.000000E+0	-9.999552E+2	-9.990183E-8	1.002651E+10	0.000000E+0	0.000000E+0	0.000000E+0	0.000000E+0	0.000000E+0	0.000000E+0	0.000000	0.000000	0.000000	0.000000	0.000000	0.000000	0.000000	0.000000
3/31/2015	8:53:27 PM	0.000000E+0	0.000000E+0	0.000000E+0	-9.999552E+2	-9.978898E-8	1.000583E+10	0.000000E+0	0.000000E+0	0.000000E+0	0.000000E+0	0.000000E+0	0.000000E+0	0.000000	0.000000	0.000000	0.000000	0.000000	0.000000	0.000000	0.000000
3/31/2015	8:54:27 PM	0.000000E+0	0.000000E+0	0.000000E+0	-9.999550E+2	-9.963242E-8	1.003868E+10	0.000000E+0	0.000000E+0	0.000000E+0	0.000000E+0	0.000000E+0	0.000000E+0	0.000000	0.000000	0.000000	0.000000	0.000000	0.000000	0.000000	0.000000
3/31/2015	8:55:27 PM	0.000000E+0	0.000000E+0	0.000000E+0	-9.999550E+2	-1.000628E-7	1.000587E+10	0.000000E+0	0.000000E+0	0.000000E+0	0.000000E+0	0.000000E+0	0.000000E+0	0.000000	0.000000	0.000000	0.000000	0.000000	0.000000	0.000000	0.000000
3/31/2015	8:56:27 PM	0.000000E+0	0.000000E+0	0.000000E+0	-9.999552E+2	-9.888107E-8	1.019346E+10	0.000000E+0	0.000000E+0	0.000000E+0	0.000000E+0	0.000000E+0	0.000000E+0	0.000000	0.000000	0.000000	0.000000	0.000000	0.000000	0.000000	0.000000
3/31/2015	8:57:27 PM	0.000000E+0	0.000000E+0	0.000000E+0	-9.999554E+2	-9.888736E-8	1.007335E+10	0.000000E+0	0.000000E+0	0.000000E+0	0.000000E+0	0.000000E+0	0.000000E+0	0.000000	0.000000	0.000000	0.000000	0.000000	0.000000	0.000000	0.000000
3/31/2015	8:58:27 PM	0.000000E+0	0.000000E+0	0.000000E+0	-9.999556E+2	-9.970901E-8	1.007064E+10	0.000000E+0	0.000000E+0	0.000000E+0	0.000000E+0	0.000000E+0	0.000000E+0	0.000000	0.000000	0.000000	0.000000	0.000000	0.000000	0.000000	0.000000
3/31/2015	8:59:27 PM	0.000000E+0	0.000000E+0	0.000000E+0	-9.999557E+2	-9.920617E-8	9.992262E+9	0.000000E+0	0.000000E+0	0.000000E+0	0.000000E+0	0.000000E+0	0.000000E+0	0.000000	0.000000	0.000000	0.000000	0.000000	0.000000	0.000000	0.000000
3/31/2015	9:00:27 PM	0.000000E+0	0.000000E+0	0.000000E+0	-9.999556E+2	-9.925993E-8	1.002588E+10	0.000000E+0	0.000000E+0	0.000000E+0	0.000000E+0	0.000000E+0	0.000000E+0	0.000000	0.000000	0.000000	0.000000	0.000000	0.000000	0.000000	0.000000
3/31/2015	9:01:27 PM	0.000000E+0	0.000000E+0	0.000000E+0	-9.999552E+2	-9.906769E-8	1.004172E+10	0.000000E+0	0.000000E+0	0.000000E+0	0.000000E+0	0.000000E+0	0.000000E+0	0.000000	0.000000	0.000000	0.000000	0.000000	0.000000	0.000000	0.000000
3/31/2015	9:01:37 PM	0.000000E+0	0.000000E+0	0.000000E+0	0.000000E+0	0.000000E+0	0.000000E+0	0.000000E+0	0.000000E+0	0.000000E+0	0.000000E+0	0.000000E+0	0.000000E+0	0.000000	0.000000	0.000000	0.000000	0.000000	0.000000	0.000000	0.000000
3/31/2015	9:01:38 PM	0.000000E+0	0.000000E+0	0.000000E+0	0.000000E+0	0.000000E+0	0.000000E+0	0.000000E+0	0.000000E+0	0.000000E+0	0.000000E+0	0.000000E+0	0.000000E+0	0.000000	0.000000	0.000000	0.000000	0.000000	0.000000	0.000000	0.000000
3/31/2015	9:01:39 PM	0.000000E+0	0.000000E+0	0.000000E+0	0.000000E+0	0.000000E+0	0.000000E+0	0.000000E+0	0.000000E+0	0.000000E+0	0.000000E+0	0.000000E+0	0.000000E+0	0.000000	0.000000	0.000000	0.000000	0.000000	0.000000	0.000000	0.000000
3/31/2015	9:01:40 PM	0.000000E+0	0.000000E+0	0.000000E+0	1.607414E-2	1.000314E+0	1.605355E-2	0.000000E+0	0.000000E+0	0.000000E+0	0.000000E+0	0.000000E+0	0.000000E+0	0.000000	0.000000	0.000000	0.000000	0.000000	0.000000	0.000000	0.000000
3/31/2015	9:01:41 PM	0.000000E+0	0.000000E+0	0.000000E+0	1.607414E-2	1.000314E+0	1.605355E-2	0.000000E+0	0.000000E+0	0.000000E+0	0.000000E+0	0.000000E+0	0.000000E+0	0.000000	0.000000	0.000000	0.000000	0.000000	0.000000	0.000000	0.000000
3/31/2015	9:01:42 PM	0.000000E+0	0.000000E+0	0.000000E+0	1.607168E-2	1.000305E+0	1.604130E-2	0.000000E+0	0.000000E+0	0.000000E+0	0.000000E+0	0.000000E+0	0.000000E+0	0.000000	0.000000	0.000000	0.000000	0.000000	0.000000	0.000000	0.000000
3/31/2015	9:01:43 PM	0.000000E+0	0.000000E+0	0.000000E+0	1.607168E-2	1.000305E+0	1.604130E-2	0.000000E+0	0.000000E+0	0.000000E+0	0.000000E+0	0.000000E+0	0.000000E+0	0.000000	0.000000	0.000000	0.000000	0.000000	0.000000	0.000000	0.000000
3/31/2015	9:01:44 PM	0.000000E+0	0.000000E+0	0.000000E+0	1.606444E-2	1.000305E+0	1.603854E-2	0.000000E+0	0.000000E+0	0.000000E+0	0.000000E+0	0.000000E+0	0.000000E+0	0.000000	0.000000	0.000000	0.000000	0.000000	0.000000	0.000000	0.000000
3/31/2015	9:01:45 PM	0.000000E+0	0.000000E+0	0.000000E+0	1.605961E-2	1.000306E+0	1.605176E-2	0.000000E+0	0.000000E+0	0.000000E+0	0.000000E+0	0.000000E+0	0.000000E+0	0.000000	0.000000	0.000000	0.000000	0.000000	0.000000	0.000000	0.000000
3/31/2015	9:01:46 PM	0.000000E+0	0.000000E+0	0.000000E+0	1.605961E-2	1.000306E+0	1.605176E-2	0.000000E+0	0.000000E+0	0.000000E+0	0.000000E+0	0.000000E+0	0.000000E+0	0.000000	0.000000	0.000000	0.000000	0.000000	0.000000	0.000000	0.000000
3/31/2015	9:01:47 PM	0.000000E+0	0.000000E+0	0.000000E+0	1.605438E-2	1.000305E+0	1.605219E-2	0.000000E+0	0.000000E+0	0.000000E+0	0.000000E+0	0.000000E+0	0.000000E+0	0.000000	0.000000	0.000000	0.000000	0.000000	0.000000	0.000000	0.000000
3/31/2015	9:01:48 PM	0.000000E+0	0.000000E+0	0.000000E+0	1.605438E-2	1.000305E+0	1.605219E-2	0.000000E+0	0.000000E+0	0.000000E+0	0.000000E+0	0.000000E+0	0.000000E+0	0.000000	0.000000	0.000000	0.000000	0.000000	0.000000	0.000000	0.000000
3/31/2015	9:01:49 PM	0.000000E+0	0.000000E+0	0.000000E+0	1.605381E-2	1.000307E+0	1.605492E-2	0.000000E+0	0.000000E+0	0.000000E+0	0.000000E+0	0.000000E+0	0.000000E+0	0.000000	0.000000	0.000000	0.000000	0.000000	0.000000	0.000000	0.000000
3/31/2015	9:01:50 PM	0.000000E+0	0.000000E+0	0.000000E+0	1.605381E-2	1.000307E+0	1.605492E-2	0.000000E+0	0.000000E+0	0.000000E+0	0.000000E+0	0.000000E+0	0.000000E+0	0.000000	0.000000	0.000000	0.000000	0.000000	0.000000	0.000000	0.000000
3/31/2015	9:01:51 PM	0.000000E+0	0.000000E+0	0.000000E+0	1.605979E-2	1.000305E+0	1.605262E-2	0.000000E+0	0.000000E+0	0.000000E+0	0.000000E+0	0.000000E+0	0.000000E+0	0.000000	0.000000	0.000000	0.000000	0.000000	0.000000	0.000000	0.000000
3/31/2015	9:01:52 PM	0.000000E+0	0.000000E+0	0.000000E+0	1.605706E-2	1.000305E+0	1.605646E-2	0.000000E+0	0.000000E+0	0.000000E+0	0.000000E+0	0.000000E+0	0.000000E+0	0.000000	0.000000	0.000000	0.000000	0.000000	0.000000	0.000000	0.000000
3/31/2015	9:01:53 PM	0.000000E+0	0.000000E+0	0.000000E+0	1.605706E-2	1.000305E+0	1.605646E-2	0.000000E+0	0.000000E+0	0.000000E+0	0.000000E+0	0.000000E+0	0.000000E+0	0.000000	0.000000	0.000000	0.000000	0.000000	0.000000	0.000000	0.000000
3/31/2015	9:01:54 PM	0.000000E+0	0.000000E+0	0.000000E+0	1.606006E-2	1.000305E+0	1.605679E-2	0.000000E+0	0.000000E+0	0.000000E+0	0.000000E+0	0.000000E+0	0.000000E+0	0.000000	0.000000	0.000000	0.000000	0.000000	0.000000	0.000000	0.000000
3/31/2015	9:01:55 PM	0.000000E+0	0.000000E+0	0.000000E+0	1.606006E-2	1.000305E+0	1.605679E-2	0.000000E+0	0.000000E+0	0.000000E+0	0.000000E+0	0.000000E+0	0.000000E+0	0.000000	0.000000	0.000000	0.000000	0.000000	0.000000	0.000000	0.000000
3/31/2015	9:01:56 PM	0.000000E+0	0.000000E+0	0.000000E+0	1.605693E-2	1.000303E+0	1.605262E-2	0.000000E+0	0.000000E+0	0.000000E+0	0.000000E+0	0.000000E+0	0.000000E+0	0.000000	0.000000	0.000000	0.000000	0.000000	0.000000	0.000000	0.000000
3/31/2015	9:01:57 PM	0.000000E+0	0.000000E+0	0.000000E+0	1.605693E-2	1.000303E+0	1.605262E-2	0.000000E+0	0.000000E+0	0.000000E+0	0.000000E+0	0.000000E+0	0.000000E+0	0.000000	0.000000	0.000000	0.000000	0.000000	0.000000	0.000000	0.000000
3/31/2015	9:01:58 PM	0.000000E+0	0.000000E+0	0.000000E+0	1.606067E-2	1.000306E+0	1.605580E-2	0.000000E+0	0.000000E+0	0.000000E+0	0.000000E+0	0.000000E+0	0.000000E+0	0.000000	0.000000	0.000000	0.000000	0.000000	0.000000	0.000000	0.000000
3/31/2015	9:01:59 PM	0.000000E+0	0.000000E+0	0.000000E+0	1.606302E-2	1.000304E+0	1.605815E-2	0.000000E+0	0.000000E+0	0.000000E+0	0.000000E+0	0.000000E+0	0.000000E+0	0.000000	0.000000	0.000000	0.000000	0.000000	0.000000	0.000000	0.000000
3/31/2015	9:02:00 PM	0.000000E+0	0.000000E+0	0.000000E+0	1.606302E-2	1.000304E+0	1.605815E-2	0.000000E+0	0.000000E+0	0.000000E+0	0.000000E+0	0.000000E+0	0.000000E+0	0.000000	0.000000	0.000000	0.000000	0.000000	0.000000	0.000000	0.000000
3/31/2015	9:02:01 PM	0.000000E+0	0.000000E+0	0.000000E+0	1.606536E-2	1.000302E+0	1.605193E-2	0.000000E+0	0.000000E+0	0.000000E+0	0.000000E+0	0.000000E+0	0.000000E+0	0.000000	0.000000	0.000000	0.000000	0.000000	0.000000	0.000000	0.000000
3/31/2015	9:02:02 PM	0.000000E+0	0.000000E+0	0.000000E+0	1.606536E-2	1.000302E+0	1.605193E-2	0.000000E+0	0.000000E+0	0.000000E+0	0.000000E+0	0.000000E+0	0.000000E+0	0.000000	0.000000	0.000000	0.000000	0.000000	0.000000	0.000000	0.000000
3/31/2015	9:02:03 PM	0.000000E+0	0.000000E+0	0.000000E+0	1.605625E-2	1.000300E+0	1.605622E-2	0.000000E+0	0.000000E+0	0.000000E+0	0.000000E+0	0.000000E+0	0.000000E+0	0.000000	0.000000	0.000000	0.000000	0.000000	0.000000	0.000000	0.000000
3/31/2015	9:02:04 PM	0.000000E+0	0.000000E+0	0.000000E+0	1.605625E-2	1.000300E+0	1.605622E-2	0.000000E+0	0.000000E+0	0.000000E+0	0.000000E+0	0.000000E+0	0.000000E+0	0.000000	0.000000	0.000000	0.000000	0.000000	0.000000	0.000000	0.000000
3/31/2015	9:02:05 PM	0.000000E+0	0.000000E+0	0.000000E+0	1.605951E-2	1.000298E+0	1.605921E-2	0.000000E+0	0.000000E+0	0.000000E+0	0.000000E+0	0.000000E+0	0.000000E+0	0.000000	0.000000	0.000000	0.000000	0.000000	0.000000	0.000000	0.000000
3/31/2015	9:02:06 PM	0.000000E+0	0.000000E+0	0.000000E+0	1.606357E-2	1.000300E+0	1.605820E-2	0.000000E+0	0.000000E+0	0.000000E+0	0.000000E+0	0.000000E+0	0.000000E+0	0.000000	0.000000	0.000000	0.000000	0.000000	0.000000	0.000000	0.000000
3/31/2015	9:02:07 PM	0.000000E+0	0.000000E+0	0.000000E+0	1.606357E-2	1.000300E+0	1.605820E-2	0.000000E+0	0.000000E+0	0.000000E+0	0.000000E+0	0.000000E+0	0.000000E+0	0.000000	0.000000	0.000000	0.000000	0.000000	0.000000	0.000000	0.000000
3/31/2015	9:02:08 PM	0.000000E+0	0.000000E+0	0.000000E+0	1.607104E-2	1.000297E+0	1.606508E-2	0.000000E+0	0.000000E+0	0.000000E+0	0.000000E+0	0.000000E+0	0.000000E+0	0.000000	0.000000	0.000000	0.000000	0.000000	0.000000	0.000000	0.000000
3/31/2015	9:02:09 PM	0.000000E+0	0.000000E+0	0.000000E+0	1.607104E-2	1.000297E+0	1.606508E-2	0.000000E+0	0.000000E+0	0.000000E+0	0.000000E+0	0.000000E+0	0.000000E+0	0.000000	0.000000	0.000000	0.000000	0.000000	0.000000	0.000000	0.000000
3/31/2015	9:02:10 PM	0.000000E+0	0.000000E+0	0.000000E+0	1.607175E-2	1.000296E+0	1.605996E-2	0.000000E+0	0.000000E+0	0.000000E+0	0.000000E+0	0.000000E+0	0.000000E+0	0.000000	0.000000	0.000000	0.000000	0.000000	0.000000	0.000000	0.000000
3/31/2015	9:02:11 PM	0.000000E+0	0.000000E+0	0.000000E+0	1.607175E-2	1.000296E+0	1.605996E-2	0.000000E+0	0.000000E+0	0.000000E+0	0.000000E+0	0.000000E+0	0.000000E+0	0.000000	0.000000	0.000000	0.000000	0.000000	0.000000	0.000000	0.000000
3/31/2015	9:02:12 PM	0.000000E+0	0.000000E+0	0.000000E+0	1.606100E-2	1.000296E+0	1.606046E-2	0.000000E+0	0.000000E+0	0.000000E+0	0.000000E+0	0.000000E+0	0.000000E+0	0.000000	0.000000	0.000000	0.000000	0.000000	0.000000	0.000000	0.000000
3/31/2015	9:02:13 PM	0.000000E+0	0.000000E+0	0.000000E+0	1.606100E-2	1.000296E+0	1.606046E-2	0.000000E+0	0.000000E+0	0.000000E+0	0.000000E+0	0.000000E+0	0.000000E+0	0.000000	0.000000	0.000000	0.000000	0.000000	0.000000	0.000000	0.000000
3/31/2015	9:02:14 PM	0.000000E+0	0.000000E+0	0.000000E+0	1.605930E-2	1.000295E+0	1.606047E-2	0.000000E+0	0.000000E+0	0.000000E+0	0.000000E+0	0.000000E+0	0.000000E+0	0.000000	0.000000	0.000000	0.000000	0.000000	0.000000	0.000000	0.000000
3/31/2015	9:02:15 PM	0.000000E+0	0.000000E+0	0.000000E+0	1.606738E-2	1.000291E+0	1.606030E-2	0.000000E+0	0.000000E+0	0.000000E+0	0.000000E+0	0.000000E+0	0.000000E+0	0.000000	0.000000	0.000000	0.000000	0.000000	0.000000	0.000000	0.000000
3/31/2015	9:02:16 PM	0.000000E+0	0.000000E+0	0.000000E+0	1.606738E-2	1.000291E+0	1.606030E-2	0.000000E+0	0.000000E+0	0.000000E+0	0.000000E+0	0.000000E+0	0.000000E+0	0.000000	0.000000	0.000000	0.000000	0.000000	0.000000	0.000000	0.000000
3/31/2015	9:02:17 PM	0.000000E+0	0.000000E+0	0.000000E+0	1.607370E-2	1.000289E+0	1.606152E-2	0.000000E+0	0.000000E+0	0.000000E+0	0.000000E+0	0.000000E+0	0.000000E+0	0.000000	0.000000	0.000000	0.000000	0.000000	0.000000	0.000000	0.000000
3/31/2015	9:02:18 PM	0.000000E+0	0.000000E+0	0.000000E+0	1.607370E-2	1.000289E+0	1.606152E-2	0.000000E+0	0.000000E+0	0.000000E+0	0.000000E+0	0.000000E+0	0.000000E+0	0.000000	0.000000	0.000000	0.000000	0.000000	0.000000	0.000000	0.000000
3/31/2015	9:02:19 PM	0.000000E+0	0.000000E+0	0.000000E+0	1.605872E-2	1.000291E+0	1.606641E-2	0.000000E+0	0.000000E+0	0.000000E+0	0.000000E+0	0.000000E+0	0.000000E+0	0.000000	0.000000	0.000000	0.000000	0.000000	0.000000	0.000000	0.000000
3/31/2015	9:02:20 PM	0.000000E+0	0.000000E+0	0.000000E+0	1.605872E-2	1.000291E+0	1.606641E-2	0.000000E+0	0.000000E+0	0.000000E+0	0.000000E+0	0.000000E+0	0.000000E+0	0.000000	0.000000	0.000000	0.000000	0.000000	0.000000	0.000000	0.000000
3/31/2015	9:02:21 PM	0.000000E+0	0.000000E+0	0.000000E+0	1.606681E-2	1.000292E+0	1.606274E-2	0.000000E+0	0.000000E+0	0.000000E+0	0.000000E+0	0.000000E+0	0.000000E+0	0.000000	0.000000	0.000000	0.000000	0.000000	0.000000	0.000000	0.000000
3/31/2015	9:02:22 PM	0.000000E+0	0.000000E+0	0.000000E+0	1.606767E-2	1.000291E+0	1.605889E-2	0.000000E+0	0.000000E+0	0.000000E+0	0.000000E+0	0.000000E+0	0.000000E+0	0.000000	0.000000	0.000000	0.000000	0.000000	0.000000	0.000000	0.000000
3/31/2015	9:02:23 PM	0.000000E+0	0.000000E+0	0.000000E+0	1.606767E-2	1.000291E+0	1.605889E-2	0.000000E+0	0.000000E+0	0.000000E+0	0.000000E+0	0.000000E+0	0.000000E+0	0.000000	0.000000	0.000000	0.000000	0.000000	0.000000	0.000000	0.000000
3/31/2015	9:02:24 PM	0.000000E+0	0.000000E+0	0.000000E+0	1.606029E-2	1.000291E+0	1.604670E-2	0.000000E+0	0.000000E+0	0.000000E+0	0.000000E+0	0.000000E+0	0.000000E+0	0.000000	0.000000	0.000000	0.000000	0.000000	0.000000	0.000000	0.000000
3/31/2015	9:02:25 PM	0.000000E+0	0.000000E+0	0.000000E+0	1.606029E-2	1.000291E+0	1.604670E-2	0.000000E+0	0.000000E+0	0.000000E+0	0.000000E+0	0.000000E+0	0.000000E+0	0.000000	0.000000	0.000000	0.000000	0.000000	0.000000	0.000000	0.000000
3/31/2015	9:02:26 PM	0.000000E+0	0.000000E+0	0.000000E+0	1.607117E-2	1.000291E+0	1.610678E-2	0.000000E+0	0.000000E+0	0.000000E+0	0.000000E+0	0.000000E+0	0.000000E+0	0.000000	0.000000	0.000000	0.000000	0.000000	0.000000	0.000000	0.000000
3/31/2015	9:02:27 PM	0.000000E+0	0.000000E+0	0.000000E+0	1.607117E-2	1.000291E+0	1.610678E-2	0.000000E+0	0.000000E+0	0.000000E+0	0.000000E+0	0.000000E+0	0.000000E+0	0.000000	0.000000	0.000000	0.000000	0.000000	0.000000	0.000000	0.000000
3/31/2015	9:02:28 PM	0.000000E+0	0.000000E+0	0.000000E+0	1.607068E-2	1.000291E+0	1.608049E-2	0.000000E+0	0.000000E+0	0.000000E+0	0.000000E+0	0.000000E+0	0.000000E+0	0.000000	0.000000	0.000000	0.000000	0.000000	0.000000	0.000000	0.000000
3/31/2015	9:02:29 PM	0.000000E+0	0.000000E+0	0.000000E+0	1.609731E-2	1.000289E+0	1.607251E-2	0.000000E+0	0.000000E+0	0.000000E+0	0.000000E+0	0.000000E+0	0.000000E+0	0.000000	0.000000	0.000000	0.000000	0.000000	0.000000	0.000000	0.000000
3/31/2015	9:02:30 PM	0.000000E+0	0.000000E+0	0.000000E+0	1.609731E-2	1.000289E+0	1.607251E-2	0.000000E+0	0.000000E+0	0.000000E+0	0.000000E+0	0.000000E+0	0.000000E+0	0.000000	0.000000	0.000000	0.000000	0.000000	0.000000	0.000000	0.000000
3/31/2015	9:02:31 PM	0.000000E+0	0.000000E+0	0.000000E+0	1.606681E-2	1.000286E+0	1.605626E-2	0.000000E+0	0.000000E+0	0.000000E+0	0.000000E+0	0.000000E+0	0.000000E+0	0.000000	0.000000	0.000000	0.000000	0.000000	0.000000	0.000000	0.000000
3/31/2015	9:02:32 PM	0.000000E+0	0.000000E+0	0.000000E+0	1.606681E-2	1.000286E+0	1.605626E-2	0.000000E+0	0.000000E+0	0.000000E+0	0.000000E+0	0.000000E+0	0.000000E+0	0.000000	0.000000	0.000000	0.000000	0.000000	0.000000	0.000000	0.000000
3/31/2015	9:02:33 PM	0.000000E+0	0.000000E+0	0.000000E+0	1.607397E-2	1.000288E+0	1.606398E-2	0.000000E+0	0.000000E+0	0.000000E+0	0.000000E+0	0.000000E+0	0.000000E+0	0.000000	0.000000	0.000000	0.000000	0.000000	0.000000	0.000000	0.000000
3/31/2015	9:02:34 PM	0.000000E+0	0.000000E+0	0.000000E+0	1.607397E-2	1.000288E+0	1.606398E-2	0.000000E+0	0.000000E+0	0.000000E+0	0.000000E+0	0.000000E+0	0.000000E+0	0.000000	0.000000	0.000000	0.000000	0.000000	0.000000	0.000000	0.000000
3/31/2015	9:02:35 PM	0.000000E+0	0.000000E+0	0.000000E+0	1.606662E-2	1.000287E+0	1.606388E-2	0.000000E+0	0.000000E+0	0.000000E+0	0.000000E+0	0.000000E+0	0.000000E+0	0.000000	0.000000	0.000000	0.000000	0.000000	0.000000	0.000000	0.000000
3/31/2015	9:02:36 PM	0.000000E+0	0.000000E+0	0.000000E+0	1.606536E-2	1.000283E+0	1.606111E-2	0.000000E+0	0.000000E+0	0.000000E+0	0.000000E+0	0.000000E+0	0.000000E+0	0.000000	0.000000	0.000000	0.000000	0.000000	0.000000	0.000000	0.000000
3/31/2015	9:02:37 PM	0.000000E+0	0.000000E+0	0.000000E+0	1.606536E-2	1.000283E+0	1.606111E-2	0.000000E+0	0.000000E+0	0.000000E+0	0.000000E+0	0.000000E+0	0.000000E+0	0.000000	0.000000	0.000000	0.000000	0.000000	0.000000	0.000000	0.000000
3/31/2015	9:02:38 PM	0.000000E+0	0.000000E+0	0.000000E+0	1.606505E-2	1.000282E+0	1.605683E-2	0.000000E+0	0.000000E+0	0.000000E+0	0.000000E+0	0.000000E+0	0.000000E+0	0.000000	0.000000	0.000000	0.000000	0.000000	0.000000	0.000000	0.000000
3/31/2015	9:03:38 PM	0.000000E+0	0.000000E+0	0.000000E+0	-9.999577E+2	-1.015812E-7	9.867806E+9	0.000000E+0	0.000000E+0	0.000000E+0	0.000000E+0	0.000000E+0	0.000000E+0	0.000000	0.000000	0.000000	0.000000	0.000000	0.000000	0.000000	0.000000
3/31/2015	9:04:38 PM	0.000000E+0	0.000000E+0	0.000000E+0	-9.999567E+2	-1.003145E-7	9.668259E+9	0.000000E+0	0.000000E+0	0.000000E+0	0.000000E+0	0.000000E+0	0.000000E+0	0.000000	0.000000	0.000000	0.000000	0.000000	0.000000	0.000000	0.000000
3/31/2015	9:05:38 PM	0.000000E+0	0.000000E+0	0.000000E+0	-9.999561E+2	-1.004220E-7	9.955336E+9	0.000000E+0	0.000000E+0	0.000000E+0	0.000000E+0	0.000000E+0	0.000000E+0	0.000000	0.000000	0.000000	0.000000	0.000000	0.000000	0.000000	0.000000
3/31/2015	9:06:38 PM	0.000000E+0	0.000000E+0	0.000000E+0	-9.999559E+2	-9.952598E-8	9.968146E+9	0.000000E+0	0.000000E+0	0.000000E+0	0.000000E+0	0.000000E+0	0.000000E+0	0.000000	0.000000	0.000000	0.000000	0.000000	0.000000	0.000000	0.000000
3/31/2015	9:07:38 PM	0.000000E+0	0.000000E+0	0.000000E+0	-9.999559E+2	-9.982372E-8	9.996194E+9	0.000000E+0	0.000000E+0	0.000000E+0	0.000000E+0	0.000000E+0	0.000000E+0	0.000000	0.000000	0.000000	0.000000	0.000000	0.000000	0.000000	0.000000
3/31/2015	9:08:38 PM	0.000000E+0	0.000000E+0	0.000000E+0	-9.999562E+2	-9.991434E-8	1.000961E+10	0.000000E+0	0.000000E+0	0.000000E+0	0.000000E+0	0.000000E+0	0.000000E+0	0.000000	0.000000	0.000000	0.000000	0.000000	0.000000	0.000000	0.000000
3/31/2015	9:09:38 PM	0.000000E+0	0.000000E+0	0.000000E+0	-9.999553E+2	-1.003309E-7	9.924337E+9	0.000000E+0	0.000000E+0	0.000000E+0	0.000000E+0	0.000000E+0	0.000000E+0	0.000000	0.000000	0.000000	0.000000	0.000000	0.000000	0.000000	0.000000
3/31/2015	9:10:38 PM	0.000000E+0	0.000000E+0	0.000000E+0	-9.999554E+2	-9.985761E-8	9.975746E+9	0.000000E+0	0.000000E+0	0.000000E+0	0.000000E+0	0.000000E+0	0.000000E+0	0.000000	0.000000	0.000000	0.000000	0.000000	0.000000	0.000000	0.000000
3/31/2015	9:11:38 PM	0.000000E+0	0.000000E+0	0.000000E+0	-9.999559E+2	-1.006273E-7	9.976024E+9	0.000000E+0	0.000000E+0	0.000000E+0	0.000000E+0	0.000000E+0	0.000000E+0	0.000000	0.000000	0.000000	0.000000	0.000000	0.000000	0.000000	0.000000
3/31/2015	9:12:38 PM	0.000000E+0	0.000000E+0	0.000000E+0	-9.999557E+2	-1.009500E-7	9.793376E+9	0.000000E+0	0.000000E+0	0.000000E+0	0.000000E+0	0.000000E+0	0.000000E+0	0.000000	0.000000	0.000000	0.000000	0.000000	0.000000	0.000000	0.000000
3/31/2015	9:13:38 PM	0.000000E+0	0.000000E+0	0.000000E+0	-9.999564E+2	-1.022484E-7	9.767617E+9	0.000000E+0	0.000000E+0	0.000000E+0	0.000000E+0	0.000000E+0	0.000000E+0	0.000000	0.000000	0.000000	0.000000	0.000000	0.000000	0.000000	0.000000
3/31/2015	9:14:38 PM	0.000000E+0	0.000000E+0	0.000000E+0	-9.999565E+2	-1.015538E-7	9.812005E+9	0.000000E+0	0.000000E+0	0.000000E+0	0.000000E+0	0.000000E+0	0.000000E+0	0.000000	0.000000	0.000000	0.000000	0.000000	0.000000	0.000000	0.000000
3/31/2015	9:15:38 PM	0.000000E+0	0.000000E+0	0.000000E+0	-9.999558E+2	-1.019203E-7	9.792189E+9	0.000000E+0	0.000000E+0	0.000000E+0	0.000000E+0	0.000000E+0	0.000000E+0	0.000000	0.000000	0.000000	0.000000	0.000000	0.000000	0.000000	0.000000
3/31/2015	9:16:39 PM	0.000000E+0	0.000000E+0	0.000000E+0	-9.999560E+2	-1.006029E-7	9.939996E+9	0.000000E+0	0.000000E+0	0.000000E+0	0.000000E+0	0.000000E+0	0.000000E+0	0.000000	0.000000	0.000000	0.000000	0.000000	0.000000	0.000000	0.000000
3/31/2015	9:17:39 PM	0.000000E+0	0.000000E+0	0.000000E+0	-9.999564E+2	-1.000603E-7	9.944764E+9	0.000000E+0	0.000000E+0	0.000000E+0	0.000000E+0	0.000000E+0	0.000000E+0	0.000000	0.000000	0.000000	0.000000	0.000000	0.000000	0.000000	0.000000
3/31/2015	9:18:39 PM	0.000000E+0	0.000000E+0	0.000000E+0	-9.999557E+2	-1.006318E-7	9.998331E+9	0.000000E+0	0.000000E+0	0.000000E+0	0.000000E+0	0.000000E+0	0.000000E+0	0.000000	0.000000	0.000000	0.000000	0.000000	0.000000	0.000000	0.000000
3/31/2015	9:19:39 PM	0.000000E+0	0.000000E+0	0.000000E+0	-9.999561E+2	-9.971926E-8	1.003228E+10	0.000000E+0	0.000000E+0	0.000000E+0	0.000000E+0	0.000000E+0	0.000000E+0	0.000000	0.000000	0.000000	0.000000	0.000000	0.000000	0.000000	0.000000
3/31/2015	9:20:39 PM	0.000000E+0	0.000000E+0	0.000000E+0	-9.999557E+2	-9.895813E-8	1.013597E+10	0.000000E+0	0.000000E+0	0.000000E+0	0.000000E+0	0.000000E+0	0.000000E+0	0.000000	0.000000	0.000000	0.000000	0.000000	0.000000	0.000000	0.000000
3/31/2015	9:21:39 PM	0.000000E+0	0.000000E+0	0.000000E+0	-9.999557E+2	-9.962054E-8	1.001560E+10	0.000000E+0	0.000000E+0	0.000000E+0	0.000000E+0	0.000000E+0	0.000000E+0	0.000000	0.000000	0.000000	0.000000	0.000000	0.000000	0.000000	0.000000
3/31/2015	9:22:39 PM	0.000000E+0	0.000000E+0	0.000000E+0	-9.999558E+2	-9.807997E-8	1.019198E+10	0.000000E+0	0.000000E+0	0.000000E+0	0.000000E+0	0.000000E+0	0.000000E+0	0.000000	0.000000	0.000000	0.000000	0.000000	0.000000	0.000000	0.000000
3/31/2015	9:23:39 PM	0.000000E+0	0.000000E+0	0.000000E+0	-9.999562E+2	-9.941120E-8	1.005292E+10	0.000000E+0	0.000000E+0	0.000000E+0	0.000000E+0	0.000000E+0	0.000000E+0	0.000000	0.000000	0.000000	0.000000	0.000000	0.000000	0.000000	0.000000
3/31/2015	9:24:39 PM	0.000000E+0	0.000000E+0	0.000000E+0	-9.999560E+2	-9.995946E-8	1.002005E+10	0.000000E+0	0.000000E+0	0.000000E+0	0.000000E+0	0.000000E+0	0.000000E+0	0.000000	0.000000	0.000000	0.000000	0.000000	0.000000	0.000000	0.000000
3/31/2015	9:25:39 PM	0.000000E+0	0.000000E+0	0.000000E+0	-9.999557E+2	-9.947304E-8	1.007537E+10	0.000000E+0	0.000000E+0	0.000000E+0	0.000000E+0	0.000000E+0	0.000000E+0	0.000000	0.000000	0.000000	0.000000	0.000000	0.000000	0.000000	0.000000
3/31/2015	9:26:39 PM	0.000000E+0	0.000000E+0	0.000000E+0	-9.999555E+2	-9.976281E-8	1.001379E+10	0.000000E+0	0.000000E+0	0.000000E+0	0.000000E+0	0.000000E+0	0.000000E+0	0.000000	0.000000	0.000000	0.000000	0.000000	0.000000	0.000000	0.000000
3/31/2015	9:27:39 PM	0.000000E+0	0.000000E+0	0.000000E+0	-9.999553E+2	-9.789807E-8	1.012233E+10	0.000000E+0	0.000000E+0	0.000000E+0	0.000000E+0	0.000000E+0	0.000000E+0	0.000000	0.000000	0.000000	0.000000	0.000000	0.000000	0.000000	0.000000
3/31/2015	9:28:39 PM	0.000000E+0	0.000000E+0	0.000000E+0	-9.999561E+2	-9.937366E-8	1.004020E+10	0.000000E+0	0.000000E+0	0.000000E+0	0.000000E+0	0.000000E+0	0.000000E+0	0.000000	0.000000	0.000000	0.000000	0.000000	0.000000	0.000000	0.000000
3/31/2015	9:29:39 PM	0.000000E+0	0.000000E+0	0.000000E+0	-9.999558E+2	-9.982953E-8	1.008278E+10	0.000000E+0	0.000000E+0	0.000000E+0	0.000000E+0	0.000000E+0	0.000000E+0	0.000000	0.000000	0.000000	0.000000	0.000000	0.000000	0.000000	0.000000
3/31/2015	9:30:39 PM	0.000000E+0	0.000000E+0	0.000000E+0	-9.999559E+2	-1.008652E-7	9.958766E+9	0.000000E+0	0.000000E+0	0.000000E+0	0.000000E+0	0.000000E+0	0.000000E+0	0.000000	0.000000	0.000000	0.000000	0.000000	0.000000	0.000000	0.000000
3/31/2015	9:31:39 PM	0.000000E+0	0.000000E+0	0.000000E+0	-9.999557E+2	-9.945412E-8	1.007818E+10	0.000000E+0	0.000000E+0	0.000000E+0	0.000000E+0	0.000000E+0	0.000000E+0	0.000000	0.000000	0.000000	0.000000	0.000000	0.000000	0.000000	0.000000
3/31/2015	9:32:39 PM	0.000000E+0	0.000000E+0	0.000000E+0	-9.999557E+2	-9.967892E-8	1.007714E+10	0.000000E+0	0.000000E+0	0.000000E+0	0.000000E+0	0.000000E+0	0.000000E+0	0.000000	0.000000	0.000000	0.000000	0.000000	0.000000	0.000000	0.000000
3/31/2015	9:33:39 PM	0.000000E+0	0.000000E+0	0.000000E+0	-9.999557E+2	-9.905374E-8	1.009435E+10	0.000000E+0	0.000000E+0	0.000000E+0	0.000000E+0	0.000000E+0	0.000000E+0	0.000000	0.000000	0.000000	0.000000	0.000000	0.000000	0.000000	0.000000
