Date	Time	Port 1_Voltage (V)	Port 1_Current (A)	Port 1_Resistance (Ohms)	Port 2_Voltage (V)	Port 2_Current (A)	Port 2_Resistance (Ohms)	Port 3_Voltage (V)	Port 3_Current (A)	Port 3_Resistance (Ohms)	Port 4_Voltage (V)	Port 4_Current (A)	Port 4_Resistance (Ohms)	TC1 (deg C)	TC2 (deg C)	TC3 (deg C)	TC4 (deg C)	TC5 (deg C)	TC6 (deg C)	TC7 (deg C)	TC8 (deg C)
5/7/2015	12:26:12 PM	0.000000E+0	0.000000E+0	0.000000E+0	0.000000E+0	0.000000E+0	0.000000E+0	0.000000E+0	0.000000E+0	0.000000E+0	0.000000E+0	0.000000E+0	0.000000E+0	0.000000	0.000000	0.000000	0.000000	0.000000	0.000000	0.000000	0.000000
5/7/2015	12:26:12 PM	0.000000E+0	0.000000E+0	0.000000E+0	0.000000E+0	0.000000E+0	0.000000E+0	0.000000E+0	0.000000E+0	0.000000E+0	0.000000E+0	0.000000E+0	0.000000E+0	0.000000	0.000000	0.000000	0.000000	0.000000	0.000000	0.000000	0.000000
5/7/2015	12:26:12 PM	0.000000E+0	0.000000E+0	0.000000E+0	0.000000E+0	0.000000E+0	0.000000E+0	0.000000E+0	0.000000E+0	0.000000E+0	0.000000E+0	0.000000E+0	0.000000E+0	0.000000	0.000000	0.000000	0.000000	0.000000	0.000000	0.000000	0.000000
5/7/2015	12:26:12 PM	0.000000E+0	0.000000E+0	0.000000E+0	0.000000E+0	0.000000E+0	0.000000E+0	0.000000E+0	0.000000E+0	0.000000E+0	0.000000E+0	0.000000E+0	0.000000E+0	0.000000	0.000000	0.000000	0.000000	0.000000	0.000000	0.000000	0.000000
5/7/2015	12:26:12 PM	0.000000E+0	0.000000E+0	0.000000E+0	0.000000E+0	0.000000E+0	0.000000E+0	0.000000E+0	0.000000E+0	0.000000E+0	0.000000E+0	0.000000E+0	0.000000E+0	0.000000	0.000000	0.000000	0.000000	0.000000	0.000000	0.000000	0.000000
5/7/2015	12:26:13 PM	0.000000E+0	0.000000E+0	0.000000E+0	0.000000E+0	0.000000E+0	0.000000E+0	0.000000E+0	0.000000E+0	0.000000E+0	0.000000E+0	0.000000E+0	0.000000E+0	0.000000	0.000000	0.000000	0.000000	0.000000	0.000000	0.000000	0.000000
5/7/2015	12:26:14 PM	0.000000E+0	0.000000E+0	0.000000E+0	2.132055E-2	1.000249E+0	2.130311E-2	0.000000E+0	0.000000E+0	0.000000E+0	0.000000E+0	0.000000E+0	0.000000E+0	0.000000	0.000000	0.000000	0.000000	0.000000	0.000000	0.000000	0.000000
5/7/2015	12:26:15 PM	0.000000E+0	0.000000E+0	0.000000E+0	2.132055E-2	1.000249E+0	2.130311E-2	0.000000E+0	0.000000E+0	0.000000E+0	0.000000E+0	0.000000E+0	0.000000E+0	0.000000	0.000000	0.000000	0.000000	0.000000	0.000000	0.000000	0.000000
5/7/2015	12:26:16 PM	0.000000E+0	0.000000E+0	0.000000E+0	2.130891E-2	1.000246E+0	2.130607E-2	0.000000E+0	0.000000E+0	0.000000E+0	0.000000E+0	0.000000E+0	0.000000E+0	0.000000	0.000000	0.000000	0.000000	0.000000	0.000000	0.000000	0.000000
5/7/2015	12:26:17 PM	0.000000E+0	0.000000E+0	0.000000E+0	2.130891E-2	1.000246E+0	2.130607E-2	0.000000E+0	0.000000E+0	0.000000E+0	0.000000E+0	0.000000E+0	0.000000E+0	0.000000	0.000000	0.000000	0.000000	0.000000	0.000000	0.000000	0.000000
5/7/2015	12:26:18 PM	0.000000E+0	0.000000E+0	0.000000E+0	2.131294E-2	1.000245E+0	2.130864E-2	0.000000E+0	0.000000E+0	0.000000E+0	0.000000E+0	0.000000E+0	0.000000E+0	0.000000	0.000000	0.000000	0.000000	0.000000	0.000000	0.000000	0.000000
5/7/2015	12:26:19 PM	0.000000E+0	0.000000E+0	0.000000E+0	2.131294E-2	1.000245E+0	2.130864E-2	0.000000E+0	0.000000E+0	0.000000E+0	0.000000E+0	0.000000E+0	0.000000E+0	0.000000	0.000000	0.000000	0.000000	0.000000	0.000000	0.000000	0.000000
5/7/2015	12:26:20 PM	0.000000E+0	0.000000E+0	0.000000E+0	2.131200E-2	1.000244E+0	2.130720E-2	0.000000E+0	0.000000E+0	0.000000E+0	0.000000E+0	0.000000E+0	0.000000E+0	0.000000	0.000000	0.000000	0.000000	0.000000	0.000000	0.000000	0.000000
5/7/2015	12:26:21 PM	0.000000E+0	0.000000E+0	0.000000E+0	2.131534E-2	1.000244E+0	2.130832E-2	0.000000E+0	0.000000E+0	0.000000E+0	0.000000E+0	0.000000E+0	0.000000E+0	0.000000	0.000000	0.000000	0.000000	0.000000	0.000000	0.000000	0.000000
5/7/2015	12:26:22 PM	0.000000E+0	0.000000E+0	0.000000E+0	2.131534E-2	1.000244E+0	2.130832E-2	0.000000E+0	0.000000E+0	0.000000E+0	0.000000E+0	0.000000E+0	0.000000E+0	0.000000	0.000000	0.000000	0.000000	0.000000	0.000000	0.000000	0.000000
5/7/2015	12:26:23 PM	0.000000E+0	0.000000E+0	0.000000E+0	2.131178E-2	1.000241E+0	2.130826E-2	0.000000E+0	0.000000E+0	0.000000E+0	0.000000E+0	0.000000E+0	0.000000E+0	0.000000	0.000000	0.000000	0.000000	0.000000	0.000000	0.000000	0.000000
5/7/2015	12:26:24 PM	0.000000E+0	0.000000E+0	0.000000E+0	2.131178E-2	1.000241E+0	2.130826E-2	0.000000E+0	0.000000E+0	0.000000E+0	0.000000E+0	0.000000E+0	0.000000E+0	0.000000	0.000000	0.000000	0.000000	0.000000	0.000000	0.000000	0.000000
5/7/2015	12:26:25 PM	0.000000E+0	0.000000E+0	0.000000E+0	2.131689E-2	1.000242E+0	2.130609E-2	0.000000E+0	0.000000E+0	0.000000E+0	0.000000E+0	0.000000E+0	0.000000E+0	0.000000	0.000000	0.000000	0.000000	0.000000	0.000000	0.000000	0.000000
5/7/2015	12:26:26 PM	0.000000E+0	0.000000E+0	0.000000E+0	2.131689E-2	1.000242E+0	2.130609E-2	0.000000E+0	0.000000E+0	0.000000E+0	0.000000E+0	0.000000E+0	0.000000E+0	0.000000	0.000000	0.000000	0.000000	0.000000	0.000000	0.000000	0.000000
5/7/2015	12:26:27 PM	0.000000E+0	0.000000E+0	0.000000E+0	2.131142E-2	1.000243E+0	2.130360E-2	0.000000E+0	0.000000E+0	0.000000E+0	0.000000E+0	0.000000E+0	0.000000E+0	0.000000	0.000000	0.000000	0.000000	0.000000	0.000000	0.000000	0.000000
5/7/2015	12:26:28 PM	0.000000E+0	0.000000E+0	0.000000E+0	2.131367E-2	1.000242E+0	2.130509E-2	0.000000E+0	0.000000E+0	0.000000E+0	0.000000E+0	0.000000E+0	0.000000E+0	0.000000	0.000000	0.000000	0.000000	0.000000	0.000000	0.000000	0.000000
5/7/2015	12:26:29 PM	0.000000E+0	0.000000E+0	0.000000E+0	2.131367E-2	1.000242E+0	2.130509E-2	0.000000E+0	0.000000E+0	0.000000E+0	0.000000E+0	0.000000E+0	0.000000E+0	0.000000	0.000000	0.000000	0.000000	0.000000	0.000000	0.000000	0.000000
5/7/2015	12:26:30 PM	0.000000E+0	0.000000E+0	0.000000E+0	2.130906E-2	1.000243E+0	2.130412E-2	0.000000E+0	0.000000E+0	0.000000E+0	0.000000E+0	0.000000E+0	0.000000E+0	0.000000	0.000000	0.000000	0.000000	0.000000	0.000000	0.000000	0.000000
5/7/2015	12:26:31 PM	0.000000E+0	0.000000E+0	0.000000E+0	2.130906E-2	1.000243E+0	2.130412E-2	0.000000E+0	0.000000E+0	0.000000E+0	0.000000E+0	0.000000E+0	0.000000E+0	0.000000	0.000000	0.000000	0.000000	0.000000	0.000000	0.000000	0.000000
5/7/2015	12:26:32 PM	0.000000E+0	0.000000E+0	0.000000E+0	2.130855E-2	1.000240E+0	2.130209E-2	0.000000E+0	0.000000E+0	0.000000E+0	0.000000E+0	0.000000E+0	0.000000E+0	0.000000	0.000000	0.000000	0.000000	0.000000	0.000000	0.000000	0.000000
5/7/2015	12:26:33 PM	0.000000E+0	0.000000E+0	0.000000E+0	2.130855E-2	1.000240E+0	2.130209E-2	0.000000E+0	0.000000E+0	0.000000E+0	0.000000E+0	0.000000E+0	0.000000E+0	0.000000	0.000000	0.000000	0.000000	0.000000	0.000000	0.000000	0.000000
5/7/2015	12:26:34 PM	0.000000E+0	0.000000E+0	0.000000E+0	2.131081E-2	1.000241E+0	2.130377E-2	0.000000E+0	0.000000E+0	0.000000E+0	0.000000E+0	0.000000E+0	0.000000E+0	0.000000	0.000000	0.000000	0.000000	0.000000	0.000000	0.000000	0.000000
5/7/2015	12:26:35 PM	0.000000E+0	0.000000E+0	0.000000E+0	2.130492E-2	1.000243E+0	2.130139E-2	0.000000E+0	0.000000E+0	0.000000E+0	0.000000E+0	0.000000E+0	0.000000E+0	0.000000	0.000000	0.000000	0.000000	0.000000	0.000000	0.000000	0.000000
5/7/2015	12:26:36 PM	0.000000E+0	0.000000E+0	0.000000E+0	2.130492E-2	1.000243E+0	2.130139E-2	0.000000E+0	0.000000E+0	0.000000E+0	0.000000E+0	0.000000E+0	0.000000E+0	0.000000	0.000000	0.000000	0.000000	0.000000	0.000000	0.000000	0.000000
5/7/2015	12:26:37 PM	0.000000E+0	0.000000E+0	0.000000E+0	2.130560E-2	1.000246E+0	2.130123E-2	0.000000E+0	0.000000E+0	0.000000E+0	0.000000E+0	0.000000E+0	0.000000E+0	0.000000	0.000000	0.000000	0.000000	0.000000	0.000000	0.000000	0.000000
5/7/2015	12:26:38 PM	0.000000E+0	0.000000E+0	0.000000E+0	2.130560E-2	1.000246E+0	2.130123E-2	0.000000E+0	0.000000E+0	0.000000E+0	0.000000E+0	0.000000E+0	0.000000E+0	0.000000	0.000000	0.000000	0.000000	0.000000	0.000000	0.000000	0.000000
5/7/2015	12:26:39 PM	0.000000E+0	0.000000E+0	0.000000E+0	2.130700E-2	1.000245E+0	2.130135E-2	0.000000E+0	0.000000E+0	0.000000E+0	0.000000E+0	0.000000E+0	0.000000E+0	0.000000	0.000000	0.000000	0.000000	0.000000	0.000000	0.000000	0.000000
5/7/2015	12:26:40 PM	0.000000E+0	0.000000E+0	0.000000E+0	2.130700E-2	1.000245E+0	2.130135E-2	0.000000E+0	0.000000E+0	0.000000E+0	0.000000E+0	0.000000E+0	0.000000E+0	0.000000	0.000000	0.000000	0.000000	0.000000	0.000000	0.000000	0.000000
5/7/2015	12:26:41 PM	0.000000E+0	0.000000E+0	0.000000E+0	2.130730E-2	1.000245E+0	2.130269E-2	0.000000E+0	0.000000E+0	0.000000E+0	0.000000E+0	0.000000E+0	0.000000E+0	0.000000	0.000000	0.000000	0.000000	0.000000	0.000000	0.000000	0.000000
5/7/2015	12:26:42 PM	0.000000E+0	0.000000E+0	0.000000E+0	2.130179E-2	1.000244E+0	2.130081E-2	0.000000E+0	0.000000E+0	0.000000E+0	0.000000E+0	0.000000E+0	0.000000E+0	0.000000	0.000000	0.000000	0.000000	0.000000	0.000000	0.000000	0.000000
